index,name,area,origin,rationale
0,batch_01_interface_and_errors_source_paths_0000_cli_normal_help_flag,cli_and_argument_parsing__normal,,
1,batch_01_interface_and_errors_source_paths_0001_cli_normal_url_flag_valid,cli_and_argument_parsing__normal,,
2,batch_01_interface_and_errors_source_paths_0002_cli_normal_interval_flag_valid,cli_and_argument_parsing__normal,,
3,batch_01_interface_and_errors_source_paths_0003_cli_normal_steps_flag_valid,cli_and_argument_parsing__normal,,
4,batch_01_interface_and_errors_source_paths_0004_cli_normal_rows_flag_valid,cli_and_argument_parsing__normal,,
5,batch_01_interface_and_errors_source_paths_0005_cli_unknown_flag_basic,cli_and_argument_parsing__normal,,
6,batch_01_interface_and_errors_source_paths_0006_cli_flag_combination_url_and_interval_rows,cli_and_argument_parsing__normal,,
7,batch_01_interface_and_errors_source_paths_0007_cli_boundary_steps_zero,cli_and_argument_parsing__boundary,,
8,batch_01_interface_and_errors_source_paths_0008_cli_boundary_steps_one,cli_and_argument_parsing__boundary,,
9,batch_01_interface_and_errors_source_paths_0009_cli_boundary_rows_zero_default,cli_and_argument_parsing__boundary,,
10,batch_01_interface_and_errors_source_paths_0010_cli_boundary_interval_minimal,cli_and_argument_parsing__boundary,,
11,batch_01_interface_and_errors_source_paths_0011_cli_boundary_single_field_spec,cli_and_argument_parsing__boundary,,
12,batch_01_interface_and_errors_source_paths_0012_cli_boundary_many_positional_specs,cli_and_argument_parsing__boundary,,
13,batch_01_interface_and_errors_source_paths_0013_cli_error_missing_value_url,cli_and_argument_parsing__error,,
14,batch_01_interface_and_errors_source_paths_0014_cli_error_missing_value_interval,cli_and_argument_parsing__error,,
15,batch_01_interface_and_errors_source_paths_0015_cli_error_missing_value_steps,cli_and_argument_parsing__error,,
16,batch_01_interface_and_errors_source_paths_0016_cli_error_missing_value_rows,cli_and_argument_parsing__error,,
17,batch_01_interface_and_errors_source_paths_0017_cli_error_no_positional_args,cli_and_argument_parsing__error,,
18,batch_01_interface_and_errors_source_paths_0018_cli_error_no_url_no_stdin,cli_and_argument_parsing__error,,
19,batch_01_interface_and_errors_source_paths_0019_cli_error_unknown_flag_with_positional,cli_and_argument_parsing__error,,
20,batch_01_interface_and_errors_source_paths_0020_cli_error_invalid_duration_value,cli_and_argument_parsing__error,,
21,batch_01_interface_and_errors_source_paths_0021_cli_error_invalid_int_steps,cli_and_argument_parsing__error,,
22,batch_01_interface_and_errors_source_paths_0022_cli_error_invalid_int_rows,cli_and_argument_parsing__error,,
23,batch_01_interface_and_errors_source_paths_0023_structured_normal_single_field_stdin,structured_input_and_conversion__normal,,
24,batch_01_interface_and_errors_source_paths_0024_structured_normal_nested_field_stdin,structured_input_and_conversion__normal,,
25,batch_01_interface_and_errors_source_paths_0025_structured_normal_counter_prefix,structured_input_and_conversion__normal,,
26,batch_01_interface_and_errors_source_paths_0026_structured_normal_marker_prefix,structured_input_and_conversion__normal,,
27,batch_01_interface_and_errors_source_paths_0027_structured_normal_multi_option_comma,structured_input_and_conversion__normal,,
28,batch_01_interface_and_errors_source_paths_0028_structured_normal_plus_combined_fields,structured_input_and_conversion__normal,,
29,batch_01_interface_and_errors_source_paths_0029_structured_normal_multiple_graph_args,structured_input_and_conversion__normal,,
30,batch_01_interface_and_errors_source_paths_0030_structured_normal_backward_compat_marker_counter,structured_input_and_conversion__normal,,
31,batch_01_interface_and_errors_source_paths_0031_structured_normal_multiple_stdin_lines,structured_input_and_conversion__normal,,
32,batch_01_interface_and_errors_source_paths_0032_structured_boundary_empty_json_object,structured_input_and_conversion__boundary,,
33,batch_01_interface_and_errors_source_paths_0033_structured_boundary_zero_value,structured_input_and_conversion__boundary,,
34,batch_01_interface_and_errors_source_paths_0034_structured_boundary_negative_number,structured_input_and_conversion__boundary,,
35,batch_01_interface_and_errors_source_paths_0035_structured_boundary_deeply_nested_path,structured_input_and_conversion__boundary,,
36,batch_01_interface_and_errors_source_paths_0036_structured_boundary_large_number_value,structured_input_and_conversion__boundary,,
37,batch_01_interface_and_errors_source_paths_0037_structured_boundary_empty_stdin_line,structured_input_and_conversion__boundary,,
38,batch_01_interface_and_errors_source_paths_0038_structured_boundary_single_char_field_option,structured_input_and_conversion__boundary,,
39,batch_01_interface_and_errors_source_paths_0039_structured_error_invalid_json_stdin,structured_input_and_conversion__error,,
40,batch_01_interface_and_errors_source_paths_0040_structured_error_invalid_field_option,structured_input_and_conversion__error,,
41,batch_01_interface_and_errors_source_paths_0041_structured_error_invalid_field_option_multi,structured_input_and_conversion__error,,
42,batch_01_interface_and_errors_source_paths_0042_structured_error_truncated_json,structured_input_and_conversion__error,,
43,batch_01_interface_and_errors_source_paths_0043_structured_error_empty_args_with_stdin,structured_input_and_conversion__error,,
44,batch_01_interface_and_errors_source_paths_0044_structured_error_nonexistent_nested_path,structured_input_and_conversion__error,,
45,batch_02_interface_and_errors_docs_native_harvest_0000_help_flag_prints_usage,cli_and_argument_parsing__normal,,
46,batch_02_interface_and_errors_docs_native_harvest_0001_url_flag_valid,cli_and_argument_parsing__normal,,
47,batch_02_interface_and_errors_docs_native_harvest_0002_interval_flag_valid,cli_and_argument_parsing__normal,,
48,batch_02_interface_and_errors_docs_native_harvest_0003_steps_flag_valid,cli_and_argument_parsing__normal,,
49,batch_02_interface_and_errors_docs_native_harvest_0004_rows_flag_valid,cli_and_argument_parsing__normal,,
50,batch_02_interface_and_errors_docs_native_harvest_0005_flag_combination_url_interval_steps,cli_and_argument_parsing__normal,,
51,batch_02_interface_and_errors_docs_native_harvest_0006_unknown_flag_rejected,cli_and_argument_parsing__normal,,
52,batch_02_interface_and_errors_docs_native_harvest_0007_missing_value_for_url,cli_and_argument_parsing__normal,,
53,batch_02_interface_and_errors_docs_native_harvest_0008_boundary_steps_zero,cli_and_argument_parsing__boundary,,
54,batch_02_interface_and_errors_docs_native_harvest_0009_boundary_steps_one,cli_and_argument_parsing__boundary,,
55,batch_02_interface_and_errors_docs_native_harvest_0010_boundary_rows_zero_default,cli_and_argument_parsing__boundary,,
56,batch_02_interface_and_errors_docs_native_harvest_0011_boundary_interval_zero,cli_and_argument_parsing__boundary,,
57,batch_02_interface_and_errors_docs_native_harvest_0012_boundary_negative_steps,cli_and_argument_parsing__boundary,,
58,batch_02_interface_and_errors_docs_native_harvest_0013_boundary_flag_combination_rows_and_steps_extreme,cli_and_argument_parsing__boundary,,
59,batch_02_interface_and_errors_docs_native_harvest_0014_boundary_no_positional_args,cli_and_argument_parsing__boundary,,
60,batch_02_interface_and_errors_docs_native_harvest_0015_error_no_args_at_all,cli_and_argument_parsing__error,,
61,batch_02_interface_and_errors_docs_native_harvest_0016_error_missing_value_interval,cli_and_argument_parsing__error,,
62,batch_02_interface_and_errors_docs_native_harvest_0017_error_missing_value_steps,cli_and_argument_parsing__error,,
63,batch_02_interface_and_errors_docs_native_harvest_0018_error_missing_value_rows,cli_and_argument_parsing__error,,
64,batch_02_interface_and_errors_docs_native_harvest_0019_error_unknown_flag_only,cli_and_argument_parsing__error,,
65,batch_02_interface_and_errors_docs_native_harvest_0020_error_no_url_no_stdin,cli_and_argument_parsing__error,,
66,batch_02_interface_and_errors_docs_native_harvest_0021_error_invalid_duration_format,cli_and_argument_parsing__error,,
67,batch_02_interface_and_errors_docs_native_harvest_0022_error_invalid_int_for_steps,cli_and_argument_parsing__error,,
68,batch_02_interface_and_errors_docs_native_harvest_0023_error_invalid_field_option,cli_and_argument_parsing__error,,
69,batch_02_interface_and_errors_docs_native_harvest_0024_single_field_spec_threads,structured_input_and_conversion__normal,,
70,batch_02_interface_and_errors_docs_native_harvest_0025_counter_prefix_dual_fields,structured_input_and_conversion__normal,,
71,batch_02_interface_and_errors_docs_native_harvest_0026_multiple_graph_args,structured_input_and_conversion__normal,,
72,batch_02_interface_and_errors_docs_native_harvest_0027_marker_counter_combo_option,structured_input_and_conversion__normal,,
73,batch_02_interface_and_errors_docs_native_harvest_0028_nested_field_path_dotted,structured_input_and_conversion__normal,,
74,batch_02_interface_and_errors_docs_native_harvest_0029_vegeta_style_multi_field_hist,structured_input_and_conversion__normal,,
75,batch_02_interface_and_errors_docs_native_harvest_0030_multiple_json_lines_stdin,structured_input_and_conversion__normal,,
76,batch_02_interface_and_errors_docs_native_harvest_0031_backward_compat_marker_counter_order,structured_input_and_conversion__normal,,
77,batch_02_interface_and_errors_docs_native_harvest_0032_boundary_empty_json_object,structured_input_and_conversion__boundary,,
78,batch_02_interface_and_errors_docs_native_harvest_0033_boundary_zero_value_field,structured_input_and_conversion__boundary,,
79,batch_02_interface_and_errors_docs_native_harvest_0034_boundary_negative_number_value,structured_input_and_conversion__boundary,,
80,batch_02_interface_and_errors_docs_native_harvest_0035_boundary_single_char_field_spec,structured_input_and_conversion__boundary,,
81,batch_02_interface_and_errors_docs_native_harvest_0036_boundary_single_line_no_trailing_newline,structured_input_and_conversion__boundary,,
82,batch_02_interface_and_errors_docs_native_harvest_0037_boundary_empty_stdin,structured_input_and_conversion__boundary,,
83,batch_02_interface_and_errors_docs_native_harvest_0038_boundary_five_stacked_graph_args,structured_input_and_conversion__boundary,,
84,batch_02_interface_and_errors_docs_native_harvest_0039_boundary_deeply_nested_path_five_levels,structured_input_and_conversion__boundary,,
85,batch_02_interface_and_errors_docs_native_harvest_0040_error_invalid_json_line,structured_input_and_conversion__error,,
86,batch_02_interface_and_errors_docs_native_harvest_0041_error_empty_field_option,structured_input_and_conversion__error,,
87,batch_02_interface_and_errors_docs_native_harvest_0042_error_invalid_option_combo,structured_input_and_conversion__error,,
88,batch_02_interface_and_errors_docs_native_harvest_0043_error_empty_field_spec_string,structured_input_and_conversion__error,,
89,batch_02_interface_and_errors_docs_native_harvest_0044_error_malformed_json_missing_brace,structured_input_and_conversion__error,,
90,batch_02_interface_and_errors_docs_native_harvest_0045_error_trailing_plus_empty_field,structured_input_and_conversion__error,,
91,batch_02_interface_and_errors_docs_native_harvest_0046_error_double_plus_empty_middle_field,structured_input_and_conversion__error,,
92,batch_02_interface_and_errors_docs_native_harvest_0047_error_url_and_no_stdin_terminal_conflict,structured_input_and_conversion__error,,
93,batch_03_interface_and_errors_binary_probe_design_0000_valid_flag_url,cli_and_argument_parsing__normal,,
94,batch_03_interface_and_errors_binary_probe_design_0001_valid_flag_interval,cli_and_argument_parsing__normal,,
95,batch_03_interface_and_errors_binary_probe_design_0002_valid_flag_steps,cli_and_argument_parsing__normal,,
96,batch_03_interface_and_errors_binary_probe_design_0003_valid_flag_rows,cli_and_argument_parsing__normal,,
97,batch_03_interface_and_errors_binary_probe_design_0004_unknown_flag_basic,cli_and_argument_parsing__normal,,
98,batch_03_interface_and_errors_binary_probe_design_0005_flag_combination_url_steps_rows,cli_and_argument_parsing__normal,,
99,batch_03_interface_and_errors_binary_probe_design_0006_flag_combination_interval_steps,cli_and_argument_parsing__normal,,
100,batch_03_interface_and_errors_binary_probe_design_0007_no_positional_args,cli_and_argument_parsing__normal,,
101,batch_03_interface_and_errors_binary_probe_design_0008_boundary_steps_zero,cli_and_argument_parsing__boundary,,
102,batch_03_interface_and_errors_binary_probe_design_0009_boundary_steps_negative,cli_and_argument_parsing__boundary,,
103,batch_03_interface_and_errors_binary_probe_design_0010_boundary_rows_zero,cli_and_argument_parsing__boundary,,
104,batch_03_interface_and_errors_binary_probe_design_0011_boundary_rows_negative,cli_and_argument_parsing__boundary,,
105,batch_03_interface_and_errors_binary_probe_design_0012_boundary_interval_zero,cli_and_argument_parsing__boundary,,
106,batch_03_interface_and_errors_binary_probe_design_0013_boundary_url_empty_string,cli_and_argument_parsing__boundary,,
107,batch_03_interface_and_errors_binary_probe_design_0014_boundary_single_char_field,cli_and_argument_parsing__boundary,,
108,batch_03_interface_and_errors_binary_probe_design_0015_boundary_many_positional_args,cli_and_argument_parsing__boundary,,
109,batch_03_interface_and_errors_binary_probe_design_0016_missing_value_url,cli_and_argument_parsing__error,,
110,batch_03_interface_and_errors_binary_probe_design_0017_missing_value_interval,cli_and_argument_parsing__error,,
111,batch_03_interface_and_errors_binary_probe_design_0018_missing_value_steps,cli_and_argument_parsing__error,,
112,batch_03_interface_and_errors_binary_probe_design_0019_missing_value_rows,cli_and_argument_parsing__error,,
113,batch_03_interface_and_errors_binary_probe_design_0020_invalid_interval_value,cli_and_argument_parsing__error,,
114,batch_03_interface_and_errors_binary_probe_design_0021_invalid_steps_value,cli_and_argument_parsing__error,,
115,batch_03_interface_and_errors_binary_probe_design_0022_invalid_rows_value,cli_and_argument_parsing__error,,
116,batch_03_interface_and_errors_binary_probe_design_0023_unknown_flag_error_case,cli_and_argument_parsing__error,,
117,batch_03_interface_and_errors_binary_probe_design_0024_flag_combination_conflicting_no_url_no_stdin_tty,cli_and_argument_parsing__error,,
118,batch_03_interface_and_errors_binary_probe_design_0025_no_field_spec_with_url,cli_and_argument_parsing__error,,
119,batch_03_interface_and_errors_binary_probe_design_0026_simple_field_normal,structured_input_and_conversion__normal,,
120,batch_03_interface_and_errors_binary_probe_design_0027_nested_field_path_normal,structured_input_and_conversion__normal,,
121,batch_03_interface_and_errors_binary_probe_design_0028_counter_option_normal,structured_input_and_conversion__normal,,
122,batch_03_interface_and_errors_binary_probe_design_0029_marker_option_normal,structured_input_and_conversion__normal,,
123,batch_03_interface_and_errors_binary_probe_design_0030_multi_field_plus_normal,structured_input_and_conversion__normal,,
124,batch_03_interface_and_errors_binary_probe_design_0031_multi_graph_args_normal,structured_input_and_conversion__normal,,
125,batch_03_interface_and_errors_binary_probe_design_0032_combined_options_normal,structured_input_and_conversion__normal,,
126,batch_03_interface_and_errors_binary_probe_design_0033_multiline_stdin_normal,structured_input_and_conversion__normal,,
127,batch_03_interface_and_errors_binary_probe_design_0034_backward_compat_marker_counter_normal,structured_input_and_conversion__normal,,
128,batch_03_interface_and_errors_binary_probe_design_0035_boundary_empty_json_object,structured_input_and_conversion__boundary,,
129,batch_03_interface_and_errors_binary_probe_design_0036_boundary_deeply_nested_path,structured_input_and_conversion__boundary,,
130,batch_03_interface_and_errors_binary_probe_design_0037_boundary_zero_value_field,structured_input_and_conversion__boundary,,
131,batch_03_interface_and_errors_binary_probe_design_0038_boundary_negative_value_field,structured_input_and_conversion__boundary,,
132,batch_03_interface_and_errors_binary_probe_design_0039_boundary_large_numeric_value,structured_input_and_conversion__boundary,,
133,batch_03_interface_and_errors_binary_probe_design_0040_boundary_empty_field_spec_plus,structured_input_and_conversion__boundary,,
134,batch_03_interface_and_errors_binary_probe_design_0041_boundary_trailing_plus,structured_input_and_conversion__boundary,,
135,batch_03_interface_and_errors_binary_probe_design_0042_boundary_empty_stdin_line,structured_input_and_conversion__boundary,,
136,batch_03_interface_and_errors_binary_probe_design_0043_boundary_colon_only_option_empty_name,structured_input_and_conversion__boundary,,
137,batch_03_interface_and_errors_binary_probe_design_0044_error_invalid_field_option,structured_input_and_conversion__error,,
138,batch_03_interface_and_errors_binary_probe_design_0045_error_malformed_json_stdin,structured_input_and_conversion__error,,
139,batch_03_interface_and_errors_binary_probe_design_0046_error_multiple_invalid_options,structured_input_and_conversion__error,,
140,batch_03_interface_and_errors_binary_probe_design_0047_error_truncated_json_stdin,structured_input_and_conversion__error,,
141,batch_03_interface_and_errors_binary_probe_design_0048_error_non_object_json_array,structured_input_and_conversion__error,,
142,batch_03_interface_and_errors_binary_probe_design_0049_error_mixed_valid_invalid_option_combo,structured_input_and_conversion__error,,
143,batch_04_interface_and_errors_combinatorial_expansion_0000_cli_valid_flag_steps,cli_and_argument_parsing__normal,,
144,batch_04_interface_and_errors_combinatorial_expansion_0001_cli_valid_flag_rows,cli_and_argument_parsing__normal,,
145,batch_04_interface_and_errors_combinatorial_expansion_0002_cli_valid_flag_interval,cli_and_argument_parsing__normal,,
146,batch_04_interface_and_errors_combinatorial_expansion_0003_cli_valid_flag_url,cli_and_argument_parsing__normal,,
147,batch_04_interface_and_errors_combinatorial_expansion_0004_cli_unknown_flag,cli_and_argument_parsing__normal,,
148,batch_04_interface_and_errors_combinatorial_expansion_0005_cli_flag_combination_url_interval_steps,cli_and_argument_parsing__normal,,
149,batch_04_interface_and_errors_combinatorial_expansion_0006_cli_flag_combination_rows_steps,cli_and_argument_parsing__normal,,
150,batch_04_interface_and_errors_combinatorial_expansion_0007_cli_missing_value_steps,cli_and_argument_parsing__normal,,
151,batch_04_interface_and_errors_combinatorial_expansion_0008_cli_boundary_steps_zero,cli_and_argument_parsing__boundary,,
152,batch_04_interface_and_errors_combinatorial_expansion_0009_cli_boundary_steps_negative,cli_and_argument_parsing__boundary,,
153,batch_04_interface_and_errors_combinatorial_expansion_0010_cli_boundary_rows_zero,cli_and_argument_parsing__boundary,,
154,batch_04_interface_and_errors_combinatorial_expansion_0011_cli_boundary_interval_zero,cli_and_argument_parsing__boundary,,
155,batch_04_interface_and_errors_combinatorial_expansion_0012_cli_boundary_flag_combo_min_values,cli_and_argument_parsing__boundary,,
156,batch_04_interface_and_errors_combinatorial_expansion_0013_cli_error_missing_field_spec,cli_and_argument_parsing__error,,
157,batch_04_interface_and_errors_combinatorial_expansion_0014_cli_error_unknown_flag_double_dash,cli_and_argument_parsing__error,,
158,batch_04_interface_and_errors_combinatorial_expansion_0015_cli_error_missing_value_url,cli_and_argument_parsing__error,,
159,batch_04_interface_and_errors_combinatorial_expansion_0016_cli_error_missing_value_interval,cli_and_argument_parsing__error,,
160,batch_04_interface_and_errors_combinatorial_expansion_0017_cli_error_invalid_interval_value,cli_and_argument_parsing__error,,
161,batch_04_interface_and_errors_combinatorial_expansion_0018_cli_error_invalid_steps_value,cli_and_argument_parsing__error,,
162,batch_04_interface_and_errors_combinatorial_expansion_0019_cli_error_flag_combo_unknown_plus_missing,cli_and_argument_parsing__error,,
163,batch_04_interface_and_errors_combinatorial_expansion_0020_cli_error_no_url_no_stdin_terminal,cli_and_argument_parsing__error,,
164,batch_04_interface_and_errors_combinatorial_expansion_0021_struct_normal_json_single_field,structured_input_and_conversion__normal,,
165,batch_04_interface_and_errors_combinatorial_expansion_0022_struct_normal_json_nested_path,structured_input_and_conversion__normal,,
166,batch_04_interface_and_errors_combinatorial_expansion_0023_struct_normal_json_plus_combined_fields,structured_input_and_conversion__normal,,
167,batch_04_interface_and_errors_combinatorial_expansion_0024_struct_normal_counter_option,structured_input_and_conversion__normal,,
168,batch_04_interface_and_errors_combinatorial_expansion_0025_struct_normal_marker_option,structured_input_and_conversion__normal,,
169,batch_04_interface_and_errors_combinatorial_expansion_0026_struct_normal_combined_options_comma,structured_input_and_conversion__normal,,
170,batch_04_interface_and_errors_combinatorial_expansion_0027_struct_normal_multiple_graph_args,structured_input_and_conversion__normal,,
171,batch_04_interface_and_errors_combinatorial_expansion_0028_struct_normal_backward_compat_marker_counter,structured_input_and_conversion__normal,,
172,batch_04_interface_and_errors_combinatorial_expansion_0029_struct_normal_deep_nested_path,structured_input_and_conversion__normal,,
173,batch_04_interface_and_errors_combinatorial_expansion_0030_struct_normal_array_index_path,structured_input_and_conversion__normal,,
174,batch_04_interface_and_errors_combinatorial_expansion_0031_struct_boundary_empty_json_object,structured_input_and_conversion__boundary,,
175,batch_04_interface_and_errors_combinatorial_expansion_0032_struct_boundary_zero_value,structured_input_and_conversion__boundary,,
176,batch_04_interface_and_errors_combinatorial_expansion_0033_struct_boundary_negative_value,structured_input_and_conversion__boundary,,
177,batch_04_interface_and_errors_combinatorial_expansion_0034_struct_boundary_large_number,structured_input_and_conversion__boundary,,
178,batch_04_interface_and_errors_combinatorial_expansion_0035_struct_boundary_empty_stdin_line,structured_input_and_conversion__boundary,,
179,batch_04_interface_and_errors_combinatorial_expansion_0036_struct_boundary_single_char_field_name,structured_input_and_conversion__boundary,,
180,batch_04_interface_and_errors_combinatorial_expansion_0037_struct_boundary_many_plus_fields,structured_input_and_conversion__boundary,,
181,batch_04_interface_and_errors_combinatorial_expansion_0038_struct_boundary_many_stdin_lines,structured_input_and_conversion__boundary,,
182,batch_04_interface_and_errors_combinatorial_expansion_0039_struct_error_invalid_json_stdin,structured_input_and_conversion__error,,
183,batch_04_interface_and_errors_combinatorial_expansion_0040_struct_error_invalid_field_option,structured_input_and_conversion__error,,
184,batch_04_interface_and_errors_combinatorial_expansion_0041_struct_error_invalid_field_option_in_combo,structured_input_and_conversion__error,,
185,batch_04_interface_and_errors_combinatorial_expansion_0042_struct_error_empty_spec_string,structured_input_and_conversion__error,,
186,batch_04_interface_and_errors_combinatorial_expansion_0043_struct_error_malformed_json_array_not_object,structured_input_and_conversion__error,,
187,batch_04_interface_and_errors_combinatorial_expansion_0044_struct_error_truncated_json,structured_input_and_conversion__error,,
188,batch_04_interface_and_errors_combinatorial_expansion_0045_struct_error_colon_only_no_path,structured_input_and_conversion__error,,
189,batch_05_semantic_core_source_paths_0000_no_args_shows_usage_and_exits,source_analysis_and_language_detection__normal,,
190,batch_05_semantic_core_source_paths_0001_single_field_spec_no_options,source_analysis_and_language_detection__normal,,
191,batch_05_semantic_core_source_paths_0002_plus_separated_spec_two_fields,source_analysis_and_language_detection__normal,,
192,batch_05_semantic_core_source_paths_0003_counter_prefix_option,source_analysis_and_language_detection__normal,,
193,batch_05_semantic_core_source_paths_0004_marker_prefix_option,source_analysis_and_language_detection__normal,,
194,batch_05_semantic_core_source_paths_0005_combined_marker_counter_options,source_analysis_and_language_detection__normal,,
195,batch_05_semantic_core_source_paths_0006_backward_compat_marker_counter_colon,source_analysis_and_language_detection__normal,,
196,batch_05_semantic_core_source_paths_0007_multiple_graph_args,source_analysis_and_language_detection__normal,,
197,batch_05_semantic_core_source_paths_0008_stdin_source_used_when_no_url,source_analysis_and_language_detection__normal,,
198,batch_05_semantic_core_source_paths_0009_url_flag_triggers_http_source,source_analysis_and_language_detection__normal,,
199,batch_05_semantic_core_source_paths_0010_interval_flag_custom_duration,source_analysis_and_language_detection__normal,,
200,batch_05_semantic_core_source_paths_0011_steps_flag_custom_size,source_analysis_and_language_detection__normal,,
201,batch_05_semantic_core_source_paths_0012_rows_flag_limits_render,source_analysis_and_language_detection__normal,,
202,batch_05_semantic_core_source_paths_0013_help_flag_prints_usage,source_analysis_and_language_detection__normal,,
203,batch_05_semantic_core_source_paths_0014_nested_path_boundary_single_dot_level,source_analysis_and_language_detection__boundary,,
204,batch_05_semantic_core_source_paths_0015_empty_spec_string_argument,source_analysis_and_language_detection__boundary,,
205,batch_05_semantic_core_source_paths_0016_trailing_plus_boundary,source_analysis_and_language_detection__boundary,,
206,batch_05_semantic_core_source_paths_0017_zero_steps_boundary,source_analysis_and_language_detection__boundary,,
207,batch_05_semantic_core_source_paths_0018_single_char_field_name_boundary,source_analysis_and_language_detection__boundary,,
208,batch_05_semantic_core_source_paths_0019_zero_interval_boundary,source_analysis_and_language_detection__boundary,,
209,batch_05_semantic_core_source_paths_0020_multiple_colon_options_all_variants,source_analysis_and_language_detection__boundary,,
210,batch_05_semantic_core_source_paths_0021_many_plus_fields_boundary,source_analysis_and_language_detection__boundary,,
211,batch_05_semantic_core_source_paths_0022_invalid_field_option_error,source_analysis_and_language_detection__error,,
212,batch_05_semantic_core_source_paths_0023_no_url_no_stdin_data_error,source_analysis_and_language_detection__error,,
213,batch_05_semantic_core_source_paths_0024_multiple_invalid_options_error,source_analysis_and_language_detection__error,,
214,batch_05_semantic_core_source_paths_0025_empty_option_before_colon_error,source_analysis_and_language_detection__error,,
215,batch_05_semantic_core_source_paths_0026_no_graphics_support_error,source_analysis_and_language_detection__error,,
216,batch_05_semantic_core_source_paths_0027_screen_term_unsupported_error,source_analysis_and_language_detection__error,,
217,batch_05_semantic_core_source_paths_0028_invalid_field_type_error,query_and_data_processing__normal,,
218,batch_05_semantic_core_source_paths_0029_missing_field_query_error,query_and_data_processing__normal,,
219,batch_05_semantic_core_source_paths_0030_counter_monotonic_increase_normal,query_and_data_processing__normal,,
220,batch_05_semantic_core_source_paths_0031_counter_non_monotonic_reset_to_zero,query_and_data_processing__normal,,
221,batch_05_semantic_core_source_paths_0032_counter_first_value_zero_last,query_and_data_processing__normal,,
222,batch_05_semantic_core_source_paths_0033_stdin_eof_terminates_run_loop,query_and_data_processing__normal,,
223,batch_05_semantic_core_source_paths_0034_malformed_json_line_stdin_error,query_and_data_processing__normal,,
224,batch_05_semantic_core_source_paths_0035_multiline_stdin_multiple_specs_query,query_and_data_processing__normal,,
225,batch_05_semantic_core_source_paths_0036_http_source_connection_refused_error,query_and_data_processing__normal,,
226,batch_05_semantic_core_source_paths_0037_point_ring_buffer_boundary_exact_size,query_and_data_processing__boundary,,
227,batch_05_semantic_core_source_paths_0038_counter_exact_boundary_last_equals_value,query_and_data_processing__boundary,,
228,batch_05_semantic_core_source_paths_0039_zero_value_field_boundary,query_and_data_processing__boundary,,
229,batch_05_semantic_core_source_paths_0040_negative_number_value_boundary,query_and_data_processing__boundary,,
230,batch_05_semantic_core_source_paths_0041_float_precision_boundary_value,query_and_data_processing__boundary,,
231,batch_05_semantic_core_source_paths_0042_large_number_value_boundary,query_and_data_processing__boundary,,
232,batch_05_semantic_core_source_paths_0043_empty_json_object_stdin_error,query_and_data_processing__error,,
233,batch_05_semantic_core_source_paths_0044_null_value_field_type_error,query_and_data_processing__error,,
234,batch_05_semantic_core_source_paths_0045_boolean_value_field_type_error,query_and_data_processing__error,,
235,batch_05_semantic_core_source_paths_0046_array_value_field_type_error,query_and_data_processing__error,,
236,batch_05_semantic_core_source_paths_0047_truncated_json_stdin_error,query_and_data_processing__error,,
237,batch_05_semantic_core_source_paths_0048_http_malformed_response_body_error,query_and_data_processing__error,,
238,batch_06_semantic_core_docs_native_harvest_0000_single_field_thread_spec,source_analysis_and_language_detection__normal,,
239,batch_06_semantic_core_docs_native_harvest_0001_dual_field_counter_spec,source_analysis_and_language_detection__normal,,
240,batch_06_semantic_core_docs_native_harvest_0002_multi_graph_args,source_analysis_and_language_detection__normal,,
241,batch_06_semantic_core_docs_native_harvest_0003_memstats_recipe_full,source_analysis_and_language_detection__normal,,
242,batch_06_semantic_core_docs_native_harvest_0004_vegeta_recipe_specs,source_analysis_and_language_detection__normal,,
243,batch_06_semantic_core_docs_native_harvest_0005_single_dotted_path_field,source_analysis_and_language_detection__normal,,
244,batch_06_semantic_core_docs_native_harvest_0006_marker_only_option,source_analysis_and_language_detection__normal,,
245,batch_06_semantic_core_docs_native_harvest_0007_counter_only_option,source_analysis_and_language_detection__normal,,
246,batch_06_semantic_core_docs_native_harvest_0008_empty_spec_arg_boundary,source_analysis_and_language_detection__boundary,,
247,batch_06_semantic_core_docs_native_harvest_0009_single_plus_only_boundary,source_analysis_and_language_detection__boundary,,
248,batch_06_semantic_core_docs_native_harvest_0010_trailing_plus_boundary,source_analysis_and_language_detection__boundary,,
249,batch_06_semantic_core_docs_native_harvest_0011_backward_compat_marker_counter_prefix,source_analysis_and_language_detection__boundary,,
250,batch_06_semantic_core_docs_native_harvest_0012_many_options_comma_separated_boundary,source_analysis_and_language_detection__boundary,,
251,batch_06_semantic_core_docs_native_harvest_0013_colon_with_empty_path_boundary,source_analysis_and_language_detection__boundary,,
252,batch_06_semantic_core_docs_native_harvest_0014_no_args_provided_error,source_analysis_and_language_detection__error,,
253,batch_06_semantic_core_docs_native_harvest_0015_invalid_field_option_error,source_analysis_and_language_detection__error,,
254,batch_06_semantic_core_docs_native_harvest_0016_invalid_field_option_typo_error,source_analysis_and_language_detection__error,,
255,batch_06_semantic_core_docs_native_harvest_0017_no_graphics_support_screen_term_error,source_analysis_and_language_detection__error,,
256,batch_06_semantic_core_docs_native_harvest_0018_help_flag_usage_error,source_analysis_and_language_detection__error,,
257,batch_06_semantic_core_docs_native_harvest_0019_invalid_flag_error,source_analysis_and_language_detection__error,,
258,batch_06_semantic_core_docs_native_harvest_0020_stdin_single_thread_query_normal,query_and_data_processing__normal,,
259,batch_06_semantic_core_docs_native_harvest_0021_stdin_multiline_stream_normal,query_and_data_processing__normal,,
260,batch_06_semantic_core_docs_native_harvest_0022_stdin_counter_diff_query_normal,query_and_data_processing__normal,,
261,batch_06_semantic_core_docs_native_harvest_0023_stdin_counter_nonmonotonic_normal,query_and_data_processing__normal,,
262,batch_06_semantic_core_docs_native_harvest_0024_stdin_nested_query_mem_normal,query_and_data_processing__normal,,
263,batch_06_semantic_core_docs_native_harvest_0025_stdin_marker_zero_value_normal,query_and_data_processing__normal,,
264,batch_06_semantic_core_docs_native_harvest_0026_stdin_marker_nonzero_value_normal,query_and_data_processing__normal,,
265,batch_06_semantic_core_docs_native_harvest_0027_http_source_normal_url_flag,query_and_data_processing__normal,,
266,batch_06_semantic_core_docs_native_harvest_0028_http_source_with_interval_and_steps,query_and_data_processing__normal,,
267,batch_06_semantic_core_docs_native_harvest_0029_stdin_multiple_graphs_query_normal,query_and_data_processing__normal,,
268,batch_06_semantic_core_docs_native_harvest_0030_stdin_boundary_empty_object,query_and_data_processing__boundary,,
269,batch_06_semantic_core_docs_native_harvest_0031_stdin_boundary_zero_steps,query_and_data_processing__boundary,,
270,batch_06_semantic_core_docs_native_harvest_0032_stdin_boundary_single_line_no_newline,query_and_data_processing__boundary,,
271,batch_06_semantic_core_docs_native_harvest_0033_stdin_boundary_zero_value_field,query_and_data_processing__boundary,,
272,batch_06_semantic_core_docs_native_harvest_0034_stdin_boundary_negative_value_field,query_and_data_processing__boundary,,
273,batch_06_semantic_core_docs_native_harvest_0035_stdin_boundary_large_steps,query_and_data_processing__boundary,,
274,batch_06_semantic_core_docs_native_harvest_0036_stdin_boundary_counter_equal_last,query_and_data_processing__boundary,,
275,batch_06_semantic_core_docs_native_harvest_0037_stdin_boundary_float_value,query_and_data_processing__boundary,,
276,batch_06_semantic_core_docs_native_harvest_0038_query_error_missing_field_error,query_and_data_processing__error,,
277,batch_06_semantic_core_docs_native_harvest_0039_query_error_wrong_type_string_value,query_and_data_processing__error,,
278,batch_06_semantic_core_docs_native_harvest_0040_query_error_wrong_type_bool_value,query_and_data_processing__error,,
279,batch_06_semantic_core_docs_native_harvest_0041_query_error_malformed_json_input,query_and_data_processing__error,,
280,batch_06_semantic_core_docs_native_harvest_0042_query_error_nested_missing_path,query_and_data_processing__error,,
281,batch_06_semantic_core_docs_native_harvest_0043_query_error_wrong_type_array_value,query_and_data_processing__error,,
282,batch_06_semantic_core_docs_native_harvest_0044_query_error_no_url_no_stdin_input,query_and_data_processing__error,,
283,batch_07_semantic_core_binary_probe_design_0000_single_field_spec_no_options,source_analysis_and_language_detection__normal,,
284,batch_07_semantic_core_binary_probe_design_0001_plus_joined_multi_field_spec,source_analysis_and_language_detection__normal,,
285,batch_07_semantic_core_binary_probe_design_0002_counter_prefixed_field,source_analysis_and_language_detection__normal,,
286,batch_07_semantic_core_binary_probe_design_0003_marker_prefixed_field,source_analysis_and_language_detection__normal,,
287,batch_07_semantic_core_binary_probe_design_0004_multiple_comma_options,source_analysis_and_language_detection__normal,,
288,batch_07_semantic_core_binary_probe_design_0005_multiple_graph_args_separate_specs,source_analysis_and_language_detection__normal,,
289,batch_07_semantic_core_binary_probe_design_0006_backward_compat_marker_counter_prefix,source_analysis_and_language_detection__normal,,
290,batch_07_semantic_core_binary_probe_design_0007_rows_flag_limits_output,source_analysis_and_language_detection__normal,,
291,batch_07_semantic_core_binary_probe_design_0008_steps_flag_custom_size,source_analysis_and_language_detection__normal,,
292,batch_07_semantic_core_binary_probe_design_0009_interval_flag_with_url_not_stdin,source_analysis_and_language_detection__normal,,
293,batch_07_semantic_core_binary_probe_design_0010_usage_help_flag,source_analysis_and_language_detection__boundary,,
294,batch_07_semantic_core_binary_probe_design_0011_no_positional_args,source_analysis_and_language_detection__boundary,,
295,batch_07_semantic_core_binary_probe_design_0012_empty_string_field_spec,source_analysis_and_language_detection__boundary,,
296,batch_07_semantic_core_binary_probe_design_0013_trailing_plus_field_spec,source_analysis_and_language_detection__boundary,,
297,batch_07_semantic_core_binary_probe_design_0014_leading_plus_field_spec,source_analysis_and_language_detection__boundary,,
298,batch_07_semantic_core_binary_probe_design_0015_colon_only_no_path,source_analysis_and_language_detection__boundary,,
299,batch_07_semantic_core_binary_probe_design_0016_multiple_colons_in_spec,source_analysis_and_language_detection__boundary,,
300,batch_07_semantic_core_binary_probe_design_0017_very_long_field_path_spec,source_analysis_and_language_detection__boundary,,
301,batch_07_semantic_core_binary_probe_design_0018_many_plus_joined_fields,source_analysis_and_language_detection__boundary,,
302,batch_07_semantic_core_binary_probe_design_0019_zero_steps_flag,source_analysis_and_language_detection__boundary,,
303,batch_07_semantic_core_binary_probe_design_0020_negative_steps_flag,source_analysis_and_language_detection__boundary,,
304,batch_07_semantic_core_binary_probe_design_0021_invalid_option_name,source_analysis_and_language_detection__error,,
305,batch_07_semantic_core_binary_probe_design_0022_unknown_flag_provided,source_analysis_and_language_detection__error,,
306,batch_07_semantic_core_binary_probe_design_0023_malformed_field_spec_double_colon_option,source_analysis_and_language_detection__error,,
307,batch_07_semantic_core_binary_probe_design_0024_url_and_stdin_conflict_absent,source_analysis_and_language_detection__error,,
308,batch_07_semantic_core_binary_probe_design_0025_interval_invalid_duration_format,source_analysis_and_language_detection__error,,
309,batch_07_semantic_core_binary_probe_design_0026_steps_non_numeric_value,source_analysis_and_language_detection__error,,
310,batch_07_semantic_core_binary_probe_design_0027_stdin_single_valid_json_object,query_and_data_processing__normal,,
311,batch_07_semantic_core_binary_probe_design_0028_stdin_multiple_lines_json,query_and_data_processing__normal,,
312,batch_07_semantic_core_binary_probe_design_0029_counter_field_monotonic_increase,query_and_data_processing__normal,,
313,batch_07_semantic_core_binary_probe_design_0030_counter_field_non_monotonic_decrease,query_and_data_processing__normal,,
314,batch_07_semantic_core_binary_probe_design_0031_nested_json_query_path,query_and_data_processing__normal,,
315,batch_07_semantic_core_binary_probe_design_0032_multiple_specs_shared_json_source,query_and_data_processing__normal,,
316,batch_07_semantic_core_binary_probe_design_0033_counter_zero_initial_value,query_and_data_processing__boundary,,
317,batch_07_semantic_core_binary_probe_design_0034_single_line_no_trailing_newline,query_and_data_processing__boundary,,
318,batch_07_semantic_core_binary_probe_design_0035_empty_stdin_input,query_and_data_processing__boundary,,
319,batch_07_semantic_core_binary_probe_design_0036_blank_lines_in_stdin,query_and_data_processing__boundary,,
320,batch_07_semantic_core_binary_probe_design_0037_large_numeric_value_field,query_and_data_processing__boundary,,
321,batch_07_semantic_core_binary_probe_design_0038_negative_numeric_value_field,query_and_data_processing__boundary,,
322,batch_07_semantic_core_binary_probe_design_0039_field_not_found_in_json,query_and_data_processing__error,,
323,batch_07_semantic_core_binary_probe_design_0040_field_wrong_type_string_not_number,query_and_data_processing__error,,
324,batch_07_semantic_core_binary_probe_design_0041_field_wrong_type_object_not_number,query_and_data_processing__error,,
325,batch_07_semantic_core_binary_probe_design_0042_malformed_json_input,query_and_data_processing__error,,
326,batch_07_semantic_core_binary_probe_design_0043_truncated_json_object,query_and_data_processing__error,,
327,batch_07_semantic_core_binary_probe_design_0044_field_wrong_type_bool_not_number,query_and_data_processing__error,,
328,batch_08_semantic_core_combinatorial_expansion_0000_single_field_spec_stdin_json,source_analysis_and_language_detection__normal,,
329,batch_08_semantic_core_combinatorial_expansion_0001_multi_field_plus_separator,source_analysis_and_language_detection__normal,,
330,batch_08_semantic_core_combinatorial_expansion_0002_counter_prefixed_field,source_analysis_and_language_detection__normal,,
331,batch_08_semantic_core_combinatorial_expansion_0003_marker_and_counter_combo,source_analysis_and_language_detection__normal,,
332,batch_08_semantic_core_combinatorial_expansion_0004_backward_compat_marker_counter_order,source_analysis_and_language_detection__normal,,
333,batch_08_semantic_core_combinatorial_expansion_0005_multiple_graph_args_separate_specs,source_analysis_and_language_detection__normal,,
334,batch_08_semantic_core_combinatorial_expansion_0006_nested_json_path_dot_notation,source_analysis_and_language_detection__normal,,
335,batch_08_semantic_core_combinatorial_expansion_0007_deeply_nested_five_level_path,source_analysis_and_language_detection__normal,,
336,batch_08_semantic_core_combinatorial_expansion_0008_unicode_field_name_json,source_analysis_and_language_detection__normal,,
337,batch_08_semantic_core_combinatorial_expansion_0009_no_args_usage_error,source_analysis_and_language_detection__error,,
338,batch_08_semantic_core_combinatorial_expansion_0010_invalid_field_option_typo,source_analysis_and_language_detection__error,,
339,batch_08_semantic_core_combinatorial_expansion_0011_invalid_field_option_marker_typo,source_analysis_and_language_detection__error,,
340,batch_08_semantic_core_combinatorial_expansion_0012_empty_string_field_spec,source_analysis_and_language_detection__boundary,,
341,batch_08_semantic_core_combinatorial_expansion_0013_trailing_plus_field_spec,source_analysis_and_language_detection__boundary,,
342,batch_08_semantic_core_combinatorial_expansion_0014_leading_plus_field_spec,source_analysis_and_language_detection__boundary,,
343,batch_08_semantic_core_combinatorial_expansion_0015_colon_only_no_options_prefix,source_analysis_and_language_detection__boundary,,
344,batch_08_semantic_core_combinatorial_expansion_0016_many_plus_fields_large_spec,source_analysis_and_language_detection__boundary,,
345,batch_08_semantic_core_combinatorial_expansion_0017_many_positional_graph_args,source_analysis_and_language_detection__boundary,,
346,batch_08_semantic_core_combinatorial_expansion_0018_single_char_field_name,source_analysis_and_language_detection__boundary,,
347,batch_08_semantic_core_combinatorial_expansion_0019_rows_flag_zero_boundary,source_analysis_and_language_detection__boundary,,
348,batch_08_semantic_core_combinatorial_expansion_0020_steps_flag_minimum_boundary,source_analysis_and_language_detection__boundary,,
349,batch_08_semantic_core_combinatorial_expansion_0021_invalid_json_stdin_parse_error,source_analysis_and_language_detection__error,,
350,batch_08_semantic_core_combinatorial_expansion_0022_missing_field_path_error,source_analysis_and_language_detection__error,,
351,batch_08_semantic_core_combinatorial_expansion_0023_non_numeric_field_type_error,source_analysis_and_language_detection__error,,
352,batch_08_semantic_core_combinatorial_expansion_0024_boolean_field_type_error,source_analysis_and_language_detection__error,,
353,batch_08_semantic_core_combinatorial_expansion_0025_null_field_value_error,source_analysis_and_language_detection__error,,
354,batch_08_semantic_core_combinatorial_expansion_0026_empty_stdin_stream_eof,source_analysis_and_language_detection__boundary,,
355,batch_08_semantic_core_combinatorial_expansion_0027_multiple_json_lines_stdin,source_analysis_and_language_detection__normal,,
356,batch_08_semantic_core_combinatorial_expansion_0028_float_scalar_value_normal,source_analysis_and_language_detection__normal,,
357,batch_08_semantic_core_combinatorial_expansion_0029_negative_number_scalar,source_analysis_and_language_detection__normal,,
358,batch_08_semantic_core_combinatorial_expansion_0030_zero_value_counter_field,source_analysis_and_language_detection__boundary,,
359,batch_08_semantic_core_combinatorial_expansion_0031_url_flag_query_normal,query_and_data_processing__normal,,
360,batch_08_semantic_core_combinatorial_expansion_0032_interval_flag_with_url,query_and_data_processing__normal,,
361,batch_08_semantic_core_combinatorial_expansion_0033_no_url_no_stdin_terminal_error,query_and_data_processing__error,,
362,batch_08_semantic_core_combinatorial_expansion_0034_http_url_malformed,query_and_data_processing__error,,
363,batch_08_semantic_core_combinatorial_expansion_0035_steps_flag_large_result_shape,query_and_data_processing__boundary,,
364,batch_08_semantic_core_combinatorial_expansion_0036_steps_flag_zero_boundary,query_and_data_processing__boundary,,
365,batch_08_semantic_core_combinatorial_expansion_0037_interval_flag_zero_duration,query_and_data_processing__boundary,,
366,batch_08_semantic_core_combinatorial_expansion_0038_multiple_specs_over_http_source,query_and_data_processing__normal,,
367,batch_08_semantic_core_combinatorial_expansion_0039_counter_query_over_http,query_and_data_processing__normal,,
368,batch_08_semantic_core_combinatorial_expansion_0040_duplicate_field_spec_repeated,query_and_data_processing__boundary,,
369,batch_08_semantic_core_combinatorial_expansion_0041_field_option_case_sensitivity_error,query_and_data_processing__error,,
370,batch_08_semantic_core_combinatorial_expansion_0042_array_json_value_type_error,query_and_data_processing__error,,
371,batch_08_semantic_core_combinatorial_expansion_0043_object_value_type_error,query_and_data_processing__error,,
372,batch_08_semantic_core_combinatorial_expansion_0044_cache_state_multiple_pushes_same_run,query_and_data_processing__normal,,
373,batch_09_semantic_core_source_paths_0000_single_field_spec_stdin_json,output_formatting_and_rendering__normal,,
374,batch_09_semantic_core_source_paths_0001_multi_field_plus_separator,output_formatting_and_rendering__normal,,
375,batch_09_semantic_core_source_paths_0002_counter_prefix_option,output_formatting_and_rendering__normal,,
376,batch_09_semantic_core_source_paths_0003_marker_counter_combo_option,output_formatting_and_rendering__normal,,
377,batch_09_semantic_core_source_paths_0004_multiple_graph_args_separate_stacks,output_formatting_and_rendering__normal,,
378,batch_09_semantic_core_source_paths_0005_rows_flag_limits_render_height,output_formatting_and_rendering__normal,,
379,batch_09_semantic_core_source_paths_0006_steps_flag_limits_history,output_formatting_and_rendering__normal,,
380,batch_09_semantic_core_source_paths_0007_interval_flag_with_url_unused_for_stdin,output_formatting_and_rendering__normal,,
381,batch_09_semantic_core_source_paths_0008_deeply_nested_json_path,output_formatting_and_rendering__normal,,
382,batch_09_semantic_core_source_paths_0009_vegeta_style_hist_field_paths,output_formatting_and_rendering__normal,,
383,batch_09_semantic_core_source_paths_0010_empty_stdin_no_json_objects,output_formatting_and_rendering__boundary,,
384,batch_09_semantic_core_source_paths_0011_single_json_value_no_history,output_formatting_and_rendering__boundary,,
385,batch_09_semantic_core_source_paths_0012_flat_line_identical_values,output_formatting_and_rendering__boundary,,
386,batch_09_semantic_core_source_paths_0013_zero_rows_flag_boundary,output_formatting_and_rendering__boundary,,
387,batch_09_semantic_core_source_paths_0014_steps_one_minimal_history,output_formatting_and_rendering__boundary,,
388,batch_09_semantic_core_source_paths_0015_marker_all_zero_values,output_formatting_and_rendering__boundary,,
389,batch_09_semantic_core_source_paths_0016_counter_value_never_increases,output_formatting_and_rendering__boundary,,
390,batch_09_semantic_core_source_paths_0017_very_large_numeric_value_si_format,output_formatting_and_rendering__boundary,,
391,batch_09_semantic_core_source_paths_0018_negative_numeric_value,output_formatting_and_rendering__boundary,,
392,batch_09_semantic_core_source_paths_0019_many_graphs_stacked_boundary,output_formatting_and_rendering__boundary,,
393,batch_09_semantic_core_source_paths_0020_rows_larger_than_terminal_height,output_formatting_and_rendering__boundary,,
394,batch_09_semantic_core_source_paths_0021_no_field_spec_args_error,output_formatting_and_rendering__error,,
395,batch_09_semantic_core_source_paths_0022_malformed_field_spec_syntax,output_formatting_and_rendering__error,,
396,batch_09_semantic_core_source_paths_0023_unknown_option_in_field_spec,output_formatting_and_rendering__error,,
397,batch_09_semantic_core_source_paths_0024_empty_field_spec_string,output_formatting_and_rendering__error,,
398,batch_09_semantic_core_source_paths_0025_invalid_json_stdin_malformed,output_formatting_and_rendering__error,,
399,batch_09_semantic_core_source_paths_0026_missing_field_path_not_in_json,output_formatting_and_rendering__error,,
400,batch_09_semantic_core_source_paths_0027_terminal_stdin_no_url_error,output_formatting_and_rendering__error,,
401,batch_09_semantic_core_source_paths_0028_duplicate_plus_separators_in_spec,output_formatting_and_rendering__error,,
402,batch_09_semantic_core_source_paths_0029_colon_only_no_path_error,output_formatting_and_rendering__error,,
403,batch_09_semantic_core_source_paths_0030_negative_steps_flag_error_or_boundary,output_formatting_and_rendering__error,,
404,batch_09_semantic_core_source_paths_0031_negative_interval_flag_error,output_formatting_and_rendering__error,,
405,batch_09_semantic_core_source_paths_0032_url_and_stdin_both_provided_prefers_url,output_formatting_and_rendering__error,,
406,batch_09_semantic_core_source_paths_0033_malformed_url_flag_value,output_formatting_and_rendering__error,,
407,batch_09_semantic_core_source_paths_0034_flag_h_help_usage,output_formatting_and_rendering__error,,
408,batch_09_semantic_core_source_paths_0035_unknown_flag_error,output_formatting_and_rendering__error,,
409,batch_09_semantic_core_source_paths_0036_many_plus_fields_single_graph,output_formatting_and_rendering__normal,,
410,batch_09_semantic_core_source_paths_0037_mixed_options_multiple_fields,output_formatting_and_rendering__normal,,
411,batch_09_semantic_core_source_paths_0038_float_valued_json_fields,output_formatting_and_rendering__normal,,
412,batch_09_semantic_core_source_paths_0039_zero_valued_json_field,output_formatting_and_rendering__boundary,,
413,batch_09_semantic_core_source_paths_0040_large_number_of_datapoints,output_formatting_and_rendering__boundary,,
414,batch_09_semantic_core_source_paths_0041_special_char_in_json_key,output_formatting_and_rendering__normal,,
415,batch_09_semantic_core_source_paths_0042_trailing_newline_variation_stdin,output_formatting_and_rendering__boundary,,
416,batch_09_semantic_core_source_paths_0043_extra_whitespace_in_json,output_formatting_and_rendering__normal,,
417,batch_11_semantic_core_binary_probe_design_0000_single_field_spec_stdin_json,output_formatting_and_rendering__normal,,
418,batch_11_semantic_core_binary_probe_design_0001_multi_value_plus_operator_same_graph,output_formatting_and_rendering__normal,,
419,batch_11_semantic_core_binary_probe_design_0002_counter_prefix_option_single_field,output_formatting_and_rendering__normal,,
420,batch_11_semantic_core_binary_probe_design_0003_marker_and_counter_combined_options,output_formatting_and_rendering__normal,,
421,batch_11_semantic_core_binary_probe_design_0004_multiple_positional_graph_args,output_formatting_and_rendering__normal,,
422,batch_11_semantic_core_binary_probe_design_0005_rows_flag_limits_output_height,output_formatting_and_rendering__normal,,
423,batch_11_semantic_core_binary_probe_design_0006_steps_flag_controls_history_length,output_formatting_and_rendering__normal,,
424,batch_11_semantic_core_binary_probe_design_0007_interval_flag_with_url_source,output_formatting_and_rendering__normal,,
425,batch_11_semantic_core_binary_probe_design_0008_nested_field_path_dot_notation,output_formatting_and_rendering__normal,,
426,batch_11_semantic_core_binary_probe_design_0009_hist_bracket_field_reference,output_formatting_and_rendering__normal,,
427,batch_11_semantic_core_binary_probe_design_0010_min_boundary_single_data_point,output_formatting_and_rendering__boundary,,
428,batch_11_semantic_core_binary_probe_design_0011_flat_line_equal_values_boundary,output_formatting_and_rendering__boundary,,
429,batch_11_semantic_core_binary_probe_design_0012_steps_boundary_value_one,output_formatting_and_rendering__boundary,,
430,batch_11_semantic_core_binary_probe_design_0013_rows_boundary_value_zero_default,output_formatting_and_rendering__boundary,,
431,batch_11_semantic_core_binary_probe_design_0014_large_steps_value_boundary,output_formatting_and_rendering__boundary,,
432,batch_11_semantic_core_binary_probe_design_0015_zero_value_marker_field_boundary,output_formatting_and_rendering__boundary,,
433,batch_11_semantic_core_binary_probe_design_0016_many_stacked_graphs_boundary,output_formatting_and_rendering__boundary,,
434,batch_11_semantic_core_binary_probe_design_0017_deep_nested_path_boundary,output_formatting_and_rendering__boundary,,
435,batch_11_semantic_core_binary_probe_design_0018_single_char_field_name_boundary,output_formatting_and_rendering__boundary,,
436,batch_11_semantic_core_binary_probe_design_0019_empty_json_stdin_boundary,output_formatting_and_rendering__boundary,,
437,batch_11_semantic_core_binary_probe_design_0020_no_field_spec_args_error,output_formatting_and_rendering__error,,
438,batch_11_semantic_core_binary_probe_design_0021_malformed_field_spec_bad_option,output_formatting_and_rendering__error,,
439,batch_11_semantic_core_binary_probe_design_0022_malformed_field_spec_trailing_plus,output_formatting_and_rendering__error,,
440,batch_11_semantic_core_binary_probe_design_0023_malformed_field_spec_double_colon,output_formatting_and_rendering__error,,
441,batch_11_semantic_core_binary_probe_design_0024_malformed_json_stdin_error,output_formatting_and_rendering__error,,
442,batch_11_semantic_core_binary_probe_design_0025_empty_stdin_no_data_error,output_formatting_and_rendering__error,,
443,batch_11_semantic_core_binary_probe_design_0026_url_and_stdin_conflict_error,output_formatting_and_rendering__error,,
444,batch_11_semantic_core_binary_probe_design_0027_invalid_url_scheme_error,output_formatting_and_rendering__error,,
445,batch_11_semantic_core_binary_probe_design_0028_negative_steps_flag_error,output_formatting_and_rendering__error,,
446,batch_11_semantic_core_binary_probe_design_0029_negative_rows_flag_error,output_formatting_and_rendering__error,,
447,batch_11_semantic_core_binary_probe_design_0030_unknown_flag_error,output_formatting_and_rendering__error,,
448,batch_11_semantic_core_binary_probe_design_0031_help_flag_usage_output,output_formatting_and_rendering__error,,
449,batch_11_semantic_core_binary_probe_design_0032_spec_with_only_option_no_path_error,output_formatting_and_rendering__error,,
450,batch_11_semantic_core_binary_probe_design_0033_duplicate_plus_separators_error,output_formatting_and_rendering__error,,
451,batch_11_semantic_core_binary_probe_design_0034_csv_multiple_specs_stress,output_formatting_and_rendering__normal,,
452,batch_11_semantic_core_binary_probe_design_0035_counter_decreasing_value_violation,output_formatting_and_rendering__boundary,,
453,batch_11_semantic_core_binary_probe_design_0036_special_float_value_field,output_formatting_and_rendering__boundary,,
454,batch_11_semantic_core_binary_probe_design_0037_special_negative_value_field,output_formatting_and_rendering__boundary,,
455,batch_11_semantic_core_binary_probe_design_0038_very_large_numeric_value_field,output_formatting_and_rendering__boundary,,
456,batch_11_semantic_core_binary_probe_design_0039_field_path_with_dash_in_name,output_formatting_and_rendering__normal,,
457,batch_11_semantic_core_binary_probe_design_0040_whitespace_only_stdin_error,output_formatting_and_rendering__error,,
458,batch_11_semantic_core_binary_probe_design_0041_multiple_json_objects_no_newline_separator,output_formatting_and_rendering__boundary,,
459,batch_11_semantic_core_binary_probe_design_0042_options_reordered_marker_counter_swap,output_formatting_and_rendering__normal,,
460,batch_12_semantic_core_combinatorial_expansion_0000_normal_single_field_stdin_json,output_formatting_and_rendering__normal,,
461,batch_12_semantic_core_combinatorial_expansion_0001_normal_multi_field_plus_spec,output_formatting_and_rendering__normal,,
462,batch_12_semantic_core_combinatorial_expansion_0002_normal_multiple_graph_args,output_formatting_and_rendering__normal,,
463,batch_12_semantic_core_combinatorial_expansion_0003_normal_counter_option_field,output_formatting_and_rendering__normal,,
464,batch_12_semantic_core_combinatorial_expansion_0004_normal_marker_counter_combo,output_formatting_and_rendering__normal,,
465,batch_12_semantic_core_combinatorial_expansion_0005_normal_rows_flag_limited_output,output_formatting_and_rendering__normal,,
466,batch_12_semantic_core_combinatorial_expansion_0006_normal_steps_flag_custom,output_formatting_and_rendering__normal,,
467,batch_12_semantic_core_combinatorial_expansion_0007_normal_interval_flag_with_url_absent_stdin,output_formatting_and_rendering__normal,,
468,batch_12_semantic_core_combinatorial_expansion_0008_normal_vegeta_hist_recipe,output_formatting_and_rendering__normal,,
469,batch_12_semantic_core_combinatorial_expansion_0009_normal_latency_percentiles_field,output_formatting_and_rendering__normal,,
470,batch_12_semantic_core_combinatorial_expansion_0010_normal_bytes_sum_fields,output_formatting_and_rendering__normal,,
471,batch_12_semantic_core_combinatorial_expansion_0011_boundary_zero_rows_flag,output_formatting_and_rendering__boundary,,
472,batch_12_semantic_core_combinatorial_expansion_0012_boundary_steps_value_one,output_formatting_and_rendering__boundary,,
473,batch_12_semantic_core_combinatorial_expansion_0013_boundary_empty_stdin_input,output_formatting_and_rendering__boundary,,
474,batch_12_semantic_core_combinatorial_expansion_0014_boundary_single_json_object_no_newline,output_formatting_and_rendering__boundary,,
475,batch_12_semantic_core_combinatorial_expansion_0015_boundary_deeply_nested_field_path,output_formatting_and_rendering__boundary,,
476,batch_12_semantic_core_combinatorial_expansion_0016_boundary_max_plus_fields_single_graph,output_formatting_and_rendering__boundary,,
477,batch_12_semantic_core_combinatorial_expansion_0017_boundary_many_graph_args,output_formatting_and_rendering__boundary,,
478,batch_12_semantic_core_combinatorial_expansion_0018_boundary_zero_value_field,output_formatting_and_rendering__boundary,,
479,batch_12_semantic_core_combinatorial_expansion_0019_boundary_negative_value_field,output_formatting_and_rendering__boundary,,
480,batch_12_semantic_core_combinatorial_expansion_0020_boundary_large_numeric_value,output_formatting_and_rendering__boundary,,
481,batch_12_semantic_core_combinatorial_expansion_0021_boundary_marker_all_zero_values,output_formatting_and_rendering__boundary,,
482,batch_12_semantic_core_combinatorial_expansion_0022_boundary_counter_decreasing_values,output_formatting_and_rendering__boundary,,
483,batch_12_semantic_core_combinatorial_expansion_0023_boundary_single_char_field_name,output_formatting_and_rendering__boundary,,
484,batch_12_semantic_core_combinatorial_expansion_0024_boundary_field_with_hyphen,output_formatting_and_rendering__boundary,,
485,batch_12_semantic_core_combinatorial_expansion_0025_boundary_rows_negative_value,output_formatting_and_rendering__boundary,,
486,batch_12_semantic_core_combinatorial_expansion_0026_boundary_steps_zero_value,output_formatting_and_rendering__boundary,,
487,batch_12_semantic_core_combinatorial_expansion_0027_error_no_field_spec_args,output_formatting_and_rendering__error,,
488,batch_12_semantic_core_combinatorial_expansion_0028_error_invalid_spec_syntax,output_formatting_and_rendering__error,,
489,batch_12_semantic_core_combinatorial_expansion_0029_error_no_url_and_terminal_stdin,output_formatting_and_rendering__error,,
490,batch_12_semantic_core_combinatorial_expansion_0030_error_malformed_json_stdin,output_formatting_and_rendering__error,,
491,batch_12_semantic_core_combinatorial_expansion_0031_error_unknown_flag,output_formatting_and_rendering__error,,
492,batch_12_semantic_core_combinatorial_expansion_0032_error_missing_rows_value,output_formatting_and_rendering__error,,
493,batch_12_semantic_core_combinatorial_expansion_0033_error_missing_interval_unit,output_formatting_and_rendering__error,,
494,batch_12_semantic_core_combinatorial_expansion_0034_error_url_and_stdin_conflict_empty,output_formatting_and_rendering__error,,
495,batch_12_semantic_core_combinatorial_expansion_0035_error_field_path_not_found,output_formatting_and_rendering__error,,
496,batch_12_semantic_core_combinatorial_expansion_0036_error_empty_field_spec_string,output_formatting_and_rendering__error,,
497,batch_12_semantic_core_combinatorial_expansion_0037_error_counter_option_typo,output_formatting_and_rendering__error,,
498,batch_12_semantic_core_combinatorial_expansion_0038_error_marker_option_typo,output_formatting_and_rendering__error,,
499,batch_12_semantic_core_combinatorial_expansion_0039_error_trailing_plus_in_spec,output_formatting_and_rendering__error,,
500,batch_12_semantic_core_combinatorial_expansion_0040_error_leading_plus_in_spec,output_formatting_and_rendering__error,,
501,batch_12_semantic_core_combinatorial_expansion_0041_error_colon_only_spec,output_formatting_and_rendering__error,,
502,batch_12_semantic_core_combinatorial_expansion_0042_error_non_numeric_field_value,output_formatting_and_rendering__error,,
503,batch_12_semantic_core_combinatorial_expansion_0043_error_non_json_stdin_stream,output_formatting_and_rendering__error,,
504,batch_13_state_and_fixtures_source_paths_0000_config_env_term_screen_rejected,configuration_and_environment__normal,,
505,batch_13_state_and_fixtures_source_paths_0001_config_env_iterm_program_detected,configuration_and_environment__normal,,
506,batch_13_state_and_fixtures_source_paths_0002_config_no_graphics_support_fatal,configuration_and_environment__normal,,
507,batch_13_state_and_fixtures_source_paths_0003_config_default_interval_and_steps,configuration_and_environment__normal,,
508,batch_13_state_and_fixtures_source_paths_0004_config_custom_interval_flag,configuration_and_environment__normal,,
509,batch_13_state_and_fixtures_source_paths_0005_config_custom_steps_flag,configuration_and_environment__normal,,
510,batch_13_state_and_fixtures_source_paths_0006_config_rows_flag_limits_render,configuration_and_environment__normal,,
511,batch_13_state_and_fixtures_source_paths_0007_config_missing_field_spec_path,configuration_and_environment__normal,,
512,batch_13_state_and_fixtures_source_paths_0008_config_boundary_rows_zero,configuration_and_environment__boundary,,
513,batch_13_state_and_fixtures_source_paths_0009_config_boundary_steps_one,configuration_and_environment__boundary,,
514,batch_13_state_and_fixtures_source_paths_0010_config_boundary_interval_min_duration,configuration_and_environment__boundary,,
515,batch_13_state_and_fixtures_source_paths_0011_config_boundary_no_args_usage_exit1,configuration_and_environment__boundary,,
516,batch_13_state_and_fixtures_source_paths_0012_config_boundary_env_term_program_empty_string,configuration_and_environment__boundary,,
517,batch_13_state_and_fixtures_source_paths_0013_config_boundary_term_screen_with_iterm_program,configuration_and_environment__boundary,,
518,batch_13_state_and_fixtures_source_paths_0014_config_error_invalid_interval_value,configuration_and_environment__error,,
519,batch_13_state_and_fixtures_source_paths_0015_config_error_invalid_steps_value,configuration_and_environment__error,,
520,batch_13_state_and_fixtures_source_paths_0016_config_error_invalid_rows_value,configuration_and_environment__error,,
521,batch_13_state_and_fixtures_source_paths_0017_config_error_missing_url_and_terminal_stdin,configuration_and_environment__error,,
522,batch_13_state_and_fixtures_source_paths_0018_config_error_unparseable_field_spec,configuration_and_environment__error,,
523,batch_13_state_and_fixtures_source_paths_0019_config_error_empty_spec_string,configuration_and_environment__error,,
524,batch_13_state_and_fixtures_source_paths_0020_config_error_url_flag_malformed,configuration_and_environment__error,,
525,batch_13_state_and_fixtures_source_paths_0021_config_error_negative_steps,configuration_and_environment__error,,
526,batch_13_state_and_fixtures_source_paths_0022_config_error_negative_rows,configuration_and_environment__error,,
527,batch_13_state_and_fixtures_source_paths_0023_net_normal_http_get_valid_json,network_and_protocol__normal,,
528,batch_13_state_and_fixtures_source_paths_0024_net_normal_http_get_with_headers,network_and_protocol__normal,,
529,batch_13_state_and_fixtures_source_paths_0025_net_normal_multiple_fetch_interval,network_and_protocol__normal,,
530,batch_13_state_and_fixtures_source_paths_0026_net_normal_counter_field_growth,network_and_protocol__normal,,
531,batch_13_state_and_fixtures_source_paths_0027_net_boundary_empty_json_body,network_and_protocol__boundary,,
532,batch_13_state_and_fixtures_source_paths_0028_net_boundary_status_204_no_content,network_and_protocol__boundary,,
533,batch_13_state_and_fixtures_source_paths_0029_net_boundary_large_json_body,network_and_protocol__boundary,,
534,batch_13_state_and_fixtures_source_paths_0030_net_boundary_redirect_single_hop,network_and_protocol__boundary,,
535,batch_13_state_and_fixtures_source_paths_0031_net_boundary_minimal_valid_json_zero_value,network_and_protocol__boundary,,
536,batch_13_state_and_fixtures_source_paths_0032_net_error_connection_refused,network_and_protocol__error,,
537,batch_13_state_and_fixtures_source_paths_0033_net_error_malformed_json_body,network_and_protocol__error,,
538,batch_13_state_and_fixtures_source_paths_0034_net_error_status_500_server_error,network_and_protocol__error,,
539,batch_13_state_and_fixtures_source_paths_0035_net_error_status_404_not_found,network_and_protocol__error,,
540,batch_13_state_and_fixtures_source_paths_0036_net_error_timeout_no_response,network_and_protocol__error,,
541,batch_13_state_and_fixtures_source_paths_0037_net_error_empty_body_json_parse_fail,network_and_protocol__error,,
542,batch_13_state_and_fixtures_source_paths_0038_net_error_redirect_loop,network_and_protocol__error,,
543,batch_13_state_and_fixtures_source_paths_0039_net_error_headers_content_length_mismatch,network_and_protocol__error,,
544,batch_13_state_and_fixtures_source_paths_0040_net_normal_post_like_expvar_url_path,network_and_protocol__normal,,
545,batch_13_state_and_fixtures_source_paths_0041_net_normal_multiple_field_specs_dual_graph,network_and_protocol__normal,,
546,batch_13_state_and_fixtures_source_paths_0042_net_boundary_json_array_response,network_and_protocol__boundary,,
547,batch_13_state_and_fixtures_source_paths_0043_net_boundary_status_301_permanent_redirect,network_and_protocol__boundary,,
548,batch_13_state_and_fixtures_source_paths_0044_net_normal_multiple_headers_content_type_json,network_and_protocol__normal,,
549,batch_14_state_and_fixtures_docs_native_harvest_0000_config_env_no_graphics_term_plain,configuration_and_environment__normal,,
550,batch_14_state_and_fixtures_docs_native_harvest_0001_config_env_iterm_program_set,configuration_and_environment__normal,,
551,batch_14_state_and_fixtures_docs_native_harvest_0002_config_url_flag_default_interval,configuration_and_environment__normal,,
552,batch_14_state_and_fixtures_docs_native_harvest_0003_config_steps_flag_custom,configuration_and_environment__normal,,
553,batch_14_state_and_fixtures_docs_native_harvest_0004_config_rows_flag_limited,configuration_and_environment__normal,,
554,batch_14_state_and_fixtures_docs_native_harvest_0005_config_multi_field_spec_readme_example,configuration_and_environment__normal,,
555,batch_14_state_and_fixtures_docs_native_harvest_0006_config_counter_marker_combo_memstats,configuration_and_environment__normal,,
556,batch_14_state_and_fixtures_docs_native_harvest_0007_config_env_kitty_via_term_program,configuration_and_environment__normal,,
557,batch_14_state_and_fixtures_docs_native_harvest_0008_config_screen_term_rejected,configuration_and_environment__normal,,
558,batch_14_state_and_fixtures_docs_native_harvest_0009_config_boundary_zero_rows,configuration_and_environment__boundary,,
559,batch_14_state_and_fixtures_docs_native_harvest_0010_config_boundary_steps_one,configuration_and_environment__boundary,,
560,batch_14_state_and_fixtures_docs_native_harvest_0011_config_boundary_interval_minimal,configuration_and_environment__boundary,,
561,batch_14_state_and_fixtures_docs_native_harvest_0012_config_boundary_single_field_no_options,configuration_and_environment__boundary,,
562,batch_14_state_and_fixtures_docs_native_harvest_0013_config_boundary_rows_equal_terminal_default,configuration_and_environment__boundary,,
563,batch_14_state_and_fixtures_docs_native_harvest_0014_config_boundary_stdin_terminal_not_tty,configuration_and_environment__boundary,,
564,batch_14_state_and_fixtures_docs_native_harvest_0015_config_error_no_url_and_tty_stdin,configuration_and_environment__error,,
565,batch_14_state_and_fixtures_docs_native_harvest_0016_config_error_no_field_args,configuration_and_environment__error,,
566,batch_14_state_and_fixtures_docs_native_harvest_0017_config_error_missing_graphics_support,configuration_and_environment__error,,
567,batch_14_state_and_fixtures_docs_native_harvest_0018_config_error_invalid_field_spec_syntax,configuration_and_environment__error,,
568,batch_14_state_and_fixtures_docs_native_harvest_0019_config_error_unknown_option_in_spec,configuration_and_environment__error,,
569,batch_14_state_and_fixtures_docs_native_harvest_0020_config_error_screen_env_overrides_iterm,configuration_and_environment__error,,
570,batch_14_state_and_fixtures_docs_native_harvest_0021_config_error_url_and_no_field_args,configuration_and_environment__error,,
571,batch_14_state_and_fixtures_docs_native_harvest_0022_network_http_readme_url_single_field,network_and_protocol__normal,,
572,batch_14_state_and_fixtures_docs_native_harvest_0023_network_http_expvar_full_body,network_and_protocol__normal,,
573,batch_14_state_and_fixtures_docs_native_harvest_0024_network_http_json_content_type_header,network_and_protocol__normal,,
574,batch_14_state_and_fixtures_docs_native_harvest_0025_network_http_no_content_type_header,network_and_protocol__normal,,
575,batch_14_state_and_fixtures_docs_native_harvest_0026_network_http_post_method_variation,network_and_protocol__normal,,
576,batch_14_state_and_fixtures_docs_native_harvest_0027_network_http_dual_counter_fields,network_and_protocol__normal,,
577,batch_14_state_and_fixtures_docs_native_harvest_0028_network_boundary_empty_json_body,network_and_protocol__boundary,,
578,batch_14_state_and_fixtures_docs_native_harvest_0029_network_boundary_zero_value_field,network_and_protocol__boundary,,
579,batch_14_state_and_fixtures_docs_native_harvest_0030_network_boundary_large_numeric_value,network_and_protocol__boundary,,
580,batch_14_state_and_fixtures_docs_native_harvest_0031_network_boundary_negative_value_unusual,network_and_protocol__boundary,,
581,batch_14_state_and_fixtures_docs_native_harvest_0032_network_boundary_redirect_single_hop,network_and_protocol__boundary,,
582,batch_14_state_and_fixtures_docs_native_harvest_0033_network_boundary_deeply_nested_field_path,network_and_protocol__boundary,,
583,batch_14_state_and_fixtures_docs_native_harvest_0034_network_error_connection_refused,network_and_protocol__error,,
584,batch_14_state_and_fixtures_docs_native_harvest_0035_network_error_http_500_status,network_and_protocol__error,,
585,batch_14_state_and_fixtures_docs_native_harvest_0036_network_error_http_404_status,network_and_protocol__error,,
586,batch_14_state_and_fixtures_docs_native_harvest_0037_network_error_malformed_json_body,network_and_protocol__error,,
587,batch_14_state_and_fixtures_docs_native_harvest_0038_network_error_empty_body_response,network_and_protocol__error,,
588,batch_14_state_and_fixtures_docs_native_harvest_0039_network_error_field_not_found_in_json,network_and_protocol__error,,
589,batch_14_state_and_fixtures_docs_native_harvest_0040_network_error_non_numeric_field_value,network_and_protocol__error,,
590,batch_14_state_and_fixtures_docs_native_harvest_0041_network_error_timeout_no_response,network_and_protocol__error,,
591,batch_14_state_and_fixtures_docs_native_harvest_0042_network_error_redirect_loop,network_and_protocol__error,,
592,batch_14_state_and_fixtures_docs_native_harvest_0043_network_error_null_json_body,network_and_protocol__error,,
593,batch_15_state_and_fixtures_binary_probe_design_0000_config_env_no_graphics_support_default_term,configuration_and_environment__normal,,
594,batch_15_state_and_fixtures_binary_probe_design_0001_config_env_iterm_program_set,configuration_and_environment__normal,,
595,batch_15_state_and_fixtures_binary_probe_design_0002_config_valid_spec_with_stdin_json,configuration_and_environment__normal,,
596,batch_15_state_and_fixtures_binary_probe_design_0003_config_counter_option_normal,configuration_and_environment__normal,,
597,batch_15_state_and_fixtures_binary_probe_design_0004_config_marker_and_counter_combined_option,configuration_and_environment__normal,,
598,batch_15_state_and_fixtures_binary_probe_design_0005_config_multiple_graph_args,configuration_and_environment__normal,,
599,batch_15_state_and_fixtures_binary_probe_design_0006_config_env_kitty_term_program,configuration_and_environment__normal,,
600,batch_15_state_and_fixtures_binary_probe_design_0007_config_interval_flag_normal_value,configuration_and_environment__normal,,
601,batch_15_state_and_fixtures_binary_probe_design_0008_config_steps_flag_normal,configuration_and_environment__normal,,
602,batch_15_state_and_fixtures_binary_probe_design_0009_config_rows_flag_normal,configuration_and_environment__normal,,
603,batch_15_state_and_fixtures_binary_probe_design_0010_config_boundary_steps_zero,configuration_and_environment__boundary,,
604,batch_15_state_and_fixtures_binary_probe_design_0011_config_boundary_steps_one,configuration_and_environment__boundary,,
605,batch_15_state_and_fixtures_binary_probe_design_0012_config_boundary_rows_zero_explicit,configuration_and_environment__boundary,,
606,batch_15_state_and_fixtures_binary_probe_design_0015_config_boundary_empty_field_spec_string,configuration_and_environment__boundary,,
607,batch_15_state_and_fixtures_binary_probe_design_0016_config_boundary_plus_only_spec,configuration_and_environment__boundary,,
608,batch_15_state_and_fixtures_binary_probe_design_0017_config_boundary_trailing_plus_spec,configuration_and_environment__boundary,,
609,batch_15_state_and_fixtures_binary_probe_design_0018_config_boundary_option_no_path,configuration_and_environment__boundary,,
610,batch_15_state_and_fixtures_binary_probe_design_0019_config_boundary_unknown_option_name,configuration_and_environment__boundary,,
611,batch_15_state_and_fixtures_binary_probe_design_0020_config_error_missing_field_spec_args,configuration_and_environment__error,,
612,batch_15_state_and_fixtures_binary_probe_design_0021_config_error_no_url_no_stdin_terminal,configuration_and_environment__error,,
613,batch_15_state_and_fixtures_binary_probe_design_0022_config_error_term_screen_unsupported,configuration_and_environment__error,,
614,batch_15_state_and_fixtures_binary_probe_design_0023_config_error_no_graphics_support_env,configuration_and_environment__error,,
615,batch_15_state_and_fixtures_binary_probe_design_0024_config_error_malformed_spec_bad_colon_syntax,configuration_and_environment__error,,
616,batch_15_state_and_fixtures_binary_probe_design_0025_config_error_invalid_interval_value,configuration_and_environment__error,,
617,batch_15_state_and_fixtures_binary_probe_design_0026_config_error_invalid_steps_value,configuration_and_environment__error,,
618,batch_15_state_and_fixtures_binary_probe_design_0027_config_error_invalid_rows_value,configuration_and_environment__error,,
619,batch_15_state_and_fixtures_binary_probe_design_0028_config_error_unknown_flag,configuration_and_environment__error,,
620,batch_15_state_and_fixtures_binary_probe_design_0029_config_error_empty_stdin_json,configuration_and_environment__error,,
621,batch_15_state_and_fixtures_binary_probe_design_0030_config_error_malformed_json_stdin,configuration_and_environment__error,,
622,batch_15_state_and_fixtures_binary_probe_design_0031_network_normal_http_get_valid_json,network_and_protocol__normal,,
623,batch_15_state_and_fixtures_binary_probe_design_0032_network_normal_http_multiple_fields,network_and_protocol__normal,,
624,batch_15_state_and_fixtures_binary_probe_design_0033_network_normal_http_header_content_type_json,network_and_protocol__normal,,
625,batch_15_state_and_fixtures_binary_probe_design_0034_network_normal_http_interval_driven_repeated_fetch,network_and_protocol__normal,,
626,batch_15_state_and_fixtures_binary_probe_design_0035_network_boundary_http_empty_body_response,network_and_protocol__boundary,,
627,batch_15_state_and_fixtures_binary_probe_design_0036_network_boundary_http_url_with_no_path,network_and_protocol__boundary,,
628,batch_15_state_and_fixtures_binary_probe_design_0037_network_boundary_http_minimal_interval,network_and_protocol__boundary,,
629,batch_15_state_and_fixtures_binary_probe_design_0038_network_boundary_http_large_steps_size,network_and_protocol__boundary,,
630,batch_15_state_and_fixtures_binary_probe_design_0039_network_boundary_http_redirect_response,network_and_protocol__boundary,,
631,batch_15_state_and_fixtures_binary_probe_design_0040_network_boundary_http_status_204_no_content,network_and_protocol__boundary,,
632,batch_15_state_and_fixtures_binary_probe_design_0041_network_error_http_connection_refused,network_and_protocol__error,,
633,batch_15_state_and_fixtures_binary_probe_design_0042_network_error_http_malformed_url,network_and_protocol__error,,
634,batch_15_state_and_fixtures_binary_probe_design_0043_network_error_http_404_status_json_body,network_and_protocol__error,,
635,batch_15_state_and_fixtures_binary_probe_design_0044_network_error_http_non_json_body,network_and_protocol__error,,
636,batch_16_state_and_fixtures_combinatorial_expansion_0000_config_env_term_iterm2_stdin_normal,configuration_and_environment__normal,,
637,batch_16_state_and_fixtures_combinatorial_expansion_0001_config_env_kitty_stdin_normal,configuration_and_environment__normal,,
638,batch_16_state_and_fixtures_combinatorial_expansion_0002_config_env_url_and_interval_normal,configuration_and_environment__normal,,
639,batch_16_state_and_fixtures_combinatorial_expansion_0003_config_env_steps_and_rows_normal,configuration_and_environment__normal,,
640,batch_16_state_and_fixtures_combinatorial_expansion_0004_config_env_multiple_field_spec_groups_normal,configuration_and_environment__normal,,
641,batch_16_state_and_fixtures_combinatorial_expansion_0005_config_env_counter_marker_options_normal,configuration_and_environment__normal,,
642,batch_16_state_and_fixtures_combinatorial_expansion_0006_config_env_missing_url_and_stdin_error,configuration_and_environment__error,,
643,batch_16_state_and_fixtures_combinatorial_expansion_0007_config_env_no_args_error,configuration_and_environment__error,,
644,batch_16_state_and_fixtures_combinatorial_expansion_0008_config_env_screen_term_error,configuration_and_environment__error,,
645,batch_16_state_and_fixtures_combinatorial_expansion_0009_config_env_no_graphics_support_error,configuration_and_environment__error,,
646,batch_16_state_and_fixtures_combinatorial_expansion_0010_config_env_invalid_spec_error,configuration_and_environment__error,,
647,batch_16_state_and_fixtures_combinatorial_expansion_0011_config_env_invalid_interval_error,configuration_and_environment__error,,
648,batch_16_state_and_fixtures_combinatorial_expansion_0012_config_env_invalid_steps_error,configuration_and_environment__error,,
649,batch_16_state_and_fixtures_combinatorial_expansion_0013_config_env_zero_rows_boundary,configuration_and_environment__boundary,,
650,batch_16_state_and_fixtures_combinatorial_expansion_0014_config_env_negative_rows_boundary,configuration_and_environment__boundary,,
651,batch_16_state_and_fixtures_combinatorial_expansion_0015_config_env_steps_one_boundary,configuration_and_environment__boundary,,
652,batch_16_state_and_fixtures_combinatorial_expansion_0016_config_env_steps_zero_boundary,configuration_and_environment__boundary,,
653,batch_16_state_and_fixtures_combinatorial_expansion_0018_config_env_rows_large_boundary,configuration_and_environment__boundary,,
654,batch_16_state_and_fixtures_combinatorial_expansion_0019_config_env_iterm_and_kitty_both_set_boundary,configuration_and_environment__boundary,,
655,batch_16_state_and_fixtures_combinatorial_expansion_0020_network_normal_get_json_object,network_and_protocol__normal,,
656,batch_16_state_and_fixtures_combinatorial_expansion_0021_network_normal_multi_field_url,network_and_protocol__normal,,
657,batch_16_state_and_fixtures_combinatorial_expansion_0022_network_normal_status_200_headers,network_and_protocol__normal,,
658,batch_16_state_and_fixtures_combinatorial_expansion_0023_network_boundary_empty_body,network_and_protocol__boundary,,
659,batch_16_state_and_fixtures_combinatorial_expansion_0024_network_boundary_large_json_body,network_and_protocol__boundary,,
660,batch_16_state_and_fixtures_combinatorial_expansion_0025_network_boundary_redirect_301,network_and_protocol__boundary,,
661,batch_16_state_and_fixtures_combinatorial_expansion_0026_network_boundary_status_204_no_content,network_and_protocol__boundary,,
662,batch_16_state_and_fixtures_combinatorial_expansion_0027_network_boundary_gzip_encoding,network_and_protocol__boundary,,
663,batch_16_state_and_fixtures_combinatorial_expansion_0028_network_error_status_404,network_and_protocol__error,,
664,batch_16_state_and_fixtures_combinatorial_expansion_0029_network_error_status_500,network_and_protocol__error,,
665,batch_16_state_and_fixtures_combinatorial_expansion_0030_network_error_invalid_json_body,network_and_protocol__error,,
666,batch_16_state_and_fixtures_combinatorial_expansion_0031_network_error_connection_refused,network_and_protocol__error,,
667,batch_16_state_and_fixtures_combinatorial_expansion_0032_network_error_malformed_url,network_and_protocol__error,,
668,batch_16_state_and_fixtures_combinatorial_expansion_0033_network_error_missing_field_path,network_and_protocol__error,,
669,batch_16_state_and_fixtures_combinatorial_expansion_0034_network_normal_put_method_unsupported,network_and_protocol__normal,,
670,batch_16_state_and_fixtures_combinatorial_expansion_0035_network_normal_nested_json_path,network_and_protocol__normal,,
671,batch_16_state_and_fixtures_combinatorial_expansion_0036_config_env_stdin_multi_json_objects_normal,configuration_and_environment__normal,,
672,batch_16_state_and_fixtures_combinatorial_expansion_0037_config_env_stdin_single_scalar_boundary,configuration_and_environment__boundary,,
673,batch_16_state_and_fixtures_combinatorial_expansion_0038_config_env_stdin_negative_scalar_boundary,configuration_and_environment__boundary,,
674,batch_16_state_and_fixtures_combinatorial_expansion_0039_config_env_stdin_empty_error,configuration_and_environment__error,,
675,batch_16_state_and_fixtures_combinatorial_expansion_0040_config_env_stdin_malformed_json_error,configuration_and_environment__error,,
676,batch_16_state_and_fixtures_combinatorial_expansion_0041_config_env_stdin_url_conflict_normal,configuration_and_environment__normal,,
677,batch_16_state_and_fixtures_combinatorial_expansion_0042_config_env_deep_nested_counter_spec_normal,configuration_and_environment__normal,,
678,batch_16_state_and_fixtures_combinatorial_expansion_0043_network_boundary_slow_interval_fetch,network_and_protocol__boundary,,
679,batch_17_state_and_fixtures_source_paths_0000_no_graphics_support_plain_env,terminal_and_interactive__normal,,
680,batch_17_state_and_fixtures_source_paths_0001_iterm_program_env_no_args,terminal_and_interactive__normal,,
681,batch_17_state_and_fixtures_source_paths_0002_iterm_program_env_with_stdin_json,terminal_and_interactive__normal,,
682,batch_17_state_and_fixtures_source_paths_0003_iterm_multi_field_plus_spec,terminal_and_interactive__normal,,
683,batch_17_state_and_fixtures_source_paths_0004_iterm_counter_marker_options,terminal_and_interactive__normal,,
684,batch_17_state_and_fixtures_source_paths_0005_iterm_backward_compat_marker_counter_prefix,terminal_and_interactive__normal,,
685,batch_17_state_and_fixtures_source_paths_0006_iterm_multiple_graph_args,terminal_and_interactive__normal,,
686,batch_17_state_and_fixtures_source_paths_0007_iterm_rows_flag_limits_output,terminal_and_interactive__normal,,
687,batch_17_state_and_fixtures_source_paths_0008_iterm_steps_flag_custom,terminal_and_interactive__normal,,
688,batch_17_state_and_fixtures_source_paths_0009_kitty_env_detected_via_term,terminal_and_interactive__normal,,
689,batch_17_state_and_fixtures_source_paths_0010_boundary_rows_zero_default,terminal_and_interactive__boundary,,
690,batch_17_state_and_fixtures_source_paths_0011_boundary_rows_negative,terminal_and_interactive__boundary,,
691,batch_17_state_and_fixtures_source_paths_0012_boundary_steps_one,terminal_and_interactive__boundary,,
692,batch_17_state_and_fixtures_source_paths_0013_boundary_empty_field_spec_plus,terminal_and_interactive__boundary,,
693,batch_17_state_and_fixtures_source_paths_0014_boundary_only_plus_spec,terminal_and_interactive__boundary,,
694,batch_17_state_and_fixtures_source_paths_0015_boundary_multiple_options_same_field,terminal_and_interactive__boundary,,
695,batch_17_state_and_fixtures_source_paths_0016_boundary_interval_minimal,terminal_and_interactive__boundary,,
696,batch_17_state_and_fixtures_source_paths_0017_boundary_screen_term_iterm_program,terminal_and_interactive__boundary,,
697,batch_17_state_and_fixtures_source_paths_0018_error_invalid_field_option,terminal_and_interactive__error,,
698,batch_17_state_and_fixtures_source_paths_0019_error_no_url_no_stdin_data,terminal_and_interactive__error,,
699,batch_17_state_and_fixtures_source_paths_0020_error_no_args_no_graphics,terminal_and_interactive__error,,
700,batch_17_state_and_fixtures_source_paths_0021_error_screen_term_no_graphics,terminal_and_interactive__error,,
701,batch_17_state_and_fixtures_source_paths_0022_error_invalid_json_stdin,terminal_and_interactive__error,,
702,batch_17_state_and_fixtures_source_paths_0023_error_multiple_invalid_options,terminal_and_interactive__error,,
703,batch_17_state_and_fixtures_source_paths_0024_error_empty_json_object_missing_field,terminal_and_interactive__error,,
704,batch_17_state_and_fixtures_source_paths_0025_module_metadata_url_flag_normal,module_or_dependency_state__normal,,
705,batch_17_state_and_fixtures_source_paths_0026_module_metadata_gojq_path_syntax_normal,module_or_dependency_state__normal,,
706,batch_17_state_and_fixtures_source_paths_0027_module_metadata_legend_multi_series_normal,module_or_dependency_state__normal,,
707,batch_17_state_and_fixtures_source_paths_0028_module_metadata_vegeta_recipe_normal,module_or_dependency_state__normal,,
708,batch_17_state_and_fixtures_source_paths_0029_module_metadata_counter_field_dependency_normal,module_or_dependency_state__normal,,
709,batch_17_state_and_fixtures_source_paths_0030_module_metadata_boundary_single_char_series_label,module_or_dependency_state__boundary,,
710,batch_17_state_and_fixtures_source_paths_0031_module_metadata_boundary_empty_label_series,module_or_dependency_state__boundary,,
711,batch_17_state_and_fixtures_source_paths_0032_module_metadata_boundary_max_plus_chain,module_or_dependency_state__boundary,,
712,batch_17_state_and_fixtures_source_paths_0033_module_metadata_boundary_legend_zero_series,module_or_dependency_state__boundary,,
713,batch_17_state_and_fixtures_source_paths_0034_module_metadata_boundary_option_comma_only,module_or_dependency_state__boundary,,
714,batch_17_state_and_fixtures_source_paths_0035_module_metadata_boundary_deep_json_path,module_or_dependency_state__boundary,,
715,batch_17_state_and_fixtures_source_paths_0036_module_metadata_error_invalid_dependency_option_token,module_or_dependency_state__error,,
716,batch_17_state_and_fixtures_source_paths_0037_module_metadata_error_malformed_replace_prefix,module_or_dependency_state__error,,
717,batch_17_state_and_fixtures_source_paths_0038_module_metadata_error_no_fields_empty_arg,module_or_dependency_state__error,,
718,batch_17_state_and_fixtures_source_paths_0039_module_metadata_error_colon_only_field,module_or_dependency_state__error,,
719,batch_17_state_and_fixtures_source_paths_0040_module_metadata_error_url_and_stdin_conflict,module_or_dependency_state__error,,
720,batch_17_state_and_fixtures_source_paths_0041_module_metadata_error_negative_steps_flag,module_or_dependency_state__error,,
721,batch_17_state_and_fixtures_source_paths_0042_module_metadata_error_bad_interval_duration,module_or_dependency_state__error,,
722,batch_18_state_and_fixtures_docs_native_harvest_0000_terminal_missing_graphics_support_default_env,terminal_and_interactive__normal,,
723,batch_18_state_and_fixtures_docs_native_harvest_0001_terminal_screen_term_rejected,terminal_and_interactive__normal,,
724,batch_18_state_and_fixtures_docs_native_harvest_0002_terminal_tmux_term_rejected,terminal_and_interactive__normal,,
725,batch_18_state_and_fixtures_docs_native_harvest_0003_terminal_iterm2_env_stdin_json_single_field,terminal_and_interactive__normal,,
726,batch_18_state_and_fixtures_docs_native_harvest_0004_terminal_iterm2_dual_counter_fields,terminal_and_interactive__normal,,
727,batch_18_state_and_fixtures_docs_native_harvest_0005_terminal_iterm2_multi_graph_groups,terminal_and_interactive__normal,,
728,batch_18_state_and_fixtures_docs_native_harvest_0006_terminal_iterm2_memstats_recipe,terminal_and_interactive__normal,,
729,batch_18_state_and_fixtures_docs_native_harvest_0007_terminal_kitty_env_basic_thread_graph,terminal_and_interactive__normal,,
730,batch_18_state_and_fixtures_docs_native_harvest_0008_terminal_vegeta_recipe_multi_arg,terminal_and_interactive__normal,,
731,batch_18_state_and_fixtures_docs_native_harvest_0009_boundary_rows_flag_zero_default,terminal_and_interactive__boundary,,
732,batch_18_state_and_fixtures_docs_native_harvest_0010_boundary_rows_flag_limited,terminal_and_interactive__boundary,,
733,batch_18_state_and_fixtures_docs_native_harvest_0011_boundary_steps_flag_minimum,terminal_and_interactive__boundary,,
734,batch_18_state_and_fixtures_docs_native_harvest_0012_boundary_steps_flag_zero,terminal_and_interactive__boundary,,
735,batch_18_state_and_fixtures_docs_native_harvest_0013_boundary_interval_minimum_duration,terminal_and_interactive__boundary,,
736,batch_18_state_and_fixtures_docs_native_harvest_0014_boundary_empty_stdin_json_object,terminal_and_interactive__boundary,,
737,batch_18_state_and_fixtures_docs_native_harvest_0015_boundary_single_char_field_name,terminal_and_interactive__boundary,,
738,batch_18_state_and_fixtures_docs_native_harvest_0016_boundary_marker_counter_backward_compat_prefix,terminal_and_interactive__boundary,,
739,batch_18_state_and_fixtures_docs_native_harvest_0017_boundary_plus_separated_many_fields,terminal_and_interactive__boundary,,
740,batch_18_state_and_fixtures_docs_native_harvest_0018_boundary_rows_negative_value,terminal_and_interactive__boundary,,
741,batch_18_state_and_fixtures_docs_native_harvest_0019_error_no_field_spec_args,terminal_and_interactive__error,,
742,batch_18_state_and_fixtures_docs_native_harvest_0020_error_invalid_field_option,terminal_and_interactive__error,,
743,batch_18_state_and_fixtures_docs_native_harvest_0021_error_no_url_and_terminal_stdin,terminal_and_interactive__error,,
744,batch_18_state_and_fixtures_docs_native_harvest_0022_error_terminal_no_graphics_no_term_program,terminal_and_interactive__error,,
745,batch_18_state_and_fixtures_docs_native_harvest_0023_error_screen_term_with_kitty_marker,terminal_and_interactive__error,,
746,batch_18_state_and_fixtures_docs_native_harvest_0024_error_malformed_stdin_json,terminal_and_interactive__error,,
747,batch_18_state_and_fixtures_docs_native_harvest_0025_error_empty_field_option_trailing_colon,terminal_and_interactive__error,,
748,batch_18_state_and_fixtures_docs_native_harvest_0026_error_double_plus_empty_segment,terminal_and_interactive__error,,
749,batch_18_state_and_fixtures_docs_native_harvest_0027_module_go_mod_require_normal_charts,module_or_dependency_state__normal,,
750,batch_18_state_and_fixtures_docs_native_harvest_0028_module_go_mod_indirect_dependency_marker,module_or_dependency_state__normal,,
751,batch_18_state_and_fixtures_docs_native_harvest_0029_module_go_mod_pinned_exact_version,module_or_dependency_state__normal,,
752,batch_18_state_and_fixtures_docs_native_harvest_0030_module_go_mod_replace_directive_local_path,module_or_dependency_state__normal,,
753,batch_18_state_and_fixtures_docs_native_harvest_0031_module_go_mod_replace_directive_forked_repo,module_or_dependency_state__normal,,
754,batch_18_state_and_fixtures_docs_native_harvest_0032_module_go_sum_hash_present,module_or_dependency_state__normal,,
755,batch_18_state_and_fixtures_docs_native_harvest_0033_module_boundary_version_zero_prerelease,module_or_dependency_state__boundary,,
756,batch_18_state_and_fixtures_docs_native_harvest_0034_module_boundary_go_directive_minimum,module_or_dependency_state__boundary,,
757,batch_18_state_and_fixtures_docs_native_harvest_0035_module_boundary_empty_require_block,module_or_dependency_state__boundary,,
758,batch_18_state_and_fixtures_docs_native_harvest_0036_module_boundary_replace_self_reference,module_or_dependency_state__boundary,,
759,batch_18_state_and_fixtures_docs_native_harvest_0037_module_boundary_multiple_replace_same_module,module_or_dependency_state__boundary,,
760,batch_18_state_and_fixtures_docs_native_harvest_0038_module_boundary_version_relation_caret_range,module_or_dependency_state__boundary,,
761,batch_18_state_and_fixtures_docs_native_harvest_0039_module_error_malformed_go_mod_syntax,module_or_dependency_state__error,,
762,batch_18_state_and_fixtures_docs_native_harvest_0040_module_error_missing_go_mod_file,module_or_dependency_state__error,,
763,batch_18_state_and_fixtures_docs_native_harvest_0041_module_error_conflicting_go_sum_hash,module_or_dependency_state__error,,
764,batch_18_state_and_fixtures_docs_native_harvest_0042_module_error_require_nonexistent_module_path,module_or_dependency_state__error,,
765,batch_18_state_and_fixtures_docs_native_harvest_0043_module_error_replace_missing_target_version,module_or_dependency_state__error,,
766,batch_18_state_and_fixtures_docs_native_harvest_0044_module_error_duplicate_require_conflicting_versions,module_or_dependency_state__error,,
767,batch_18_state_and_fixtures_docs_native_harvest_0045_module_error_negative_go_version_directive,module_or_dependency_state__error,,
768,batch_19_state_and_fixtures_binary_probe_design_0000_terminal_normal_iterm2_basic_spec,terminal_and_interactive__normal,,
769,batch_19_state_and_fixtures_binary_probe_design_0001_terminal_normal_multi_field_plus_spec,terminal_and_interactive__normal,,
770,batch_19_state_and_fixtures_binary_probe_design_0002_terminal_normal_counter_prefix,terminal_and_interactive__normal,,
771,batch_19_state_and_fixtures_binary_probe_design_0003_terminal_normal_multiple_graphs_args,terminal_and_interactive__normal,,
772,batch_19_state_and_fixtures_binary_probe_design_0004_terminal_normal_marker_counter_combo,terminal_and_interactive__normal,,
773,batch_19_state_and_fixtures_binary_probe_design_0007_terminal_normal_rows_limit_flag,terminal_and_interactive__normal,,
774,batch_19_state_and_fixtures_binary_probe_design_0008_terminal_normal_steps_flag_default,terminal_and_interactive__normal,,
775,batch_19_state_and_fixtures_binary_probe_design_0009_terminal_normal_interval_flag_with_url_absent,terminal_and_interactive__normal,,
776,batch_19_state_and_fixtures_binary_probe_design_0010_terminal_boundary_zero_rows,terminal_and_interactive__boundary,,
777,batch_19_state_and_fixtures_binary_probe_design_0011_terminal_boundary_single_row,terminal_and_interactive__boundary,,
778,batch_19_state_and_fixtures_binary_probe_design_0012_terminal_boundary_steps_one,terminal_and_interactive__boundary,,
779,batch_19_state_and_fixtures_binary_probe_design_0013_terminal_boundary_steps_zero,terminal_and_interactive__boundary,,
780,batch_19_state_and_fixtures_binary_probe_design_0015_terminal_boundary_large_rows_exceeds_terminal,terminal_and_interactive__boundary,,
781,batch_19_state_and_fixtures_binary_probe_design_0017_terminal_boundary_empty_json_stdin_object,terminal_and_interactive__boundary,,
782,batch_19_state_and_fixtures_binary_probe_design_0018_terminal_boundary_marker_zero_value,terminal_and_interactive__boundary,,
783,batch_19_state_and_fixtures_binary_probe_design_0019_terminal_boundary_marker_nonzero_value,terminal_and_interactive__boundary,,
784,batch_19_state_and_fixtures_binary_probe_design_0020_terminal_error_no_graphics_support,terminal_and_interactive__error,,
785,batch_19_state_and_fixtures_binary_probe_design_0021_terminal_error_screen_term_unsupported,terminal_and_interactive__error,,
786,batch_19_state_and_fixtures_binary_probe_design_0022_terminal_error_no_args_provided,terminal_and_interactive__error,,
787,batch_19_state_and_fixtures_binary_probe_design_0023_terminal_error_invalid_field_option,terminal_and_interactive__error,,
788,batch_19_state_and_fixtures_binary_probe_design_0025_terminal_error_malformed_json_stdin,terminal_and_interactive__error,,
789,batch_19_state_and_fixtures_binary_probe_design_0026_terminal_error_empty_field_spec_string,terminal_and_interactive__error,,
790,batch_19_state_and_fixtures_binary_probe_design_0027_terminal_error_marker_counter_backward_compat_malformed,terminal_and_interactive__error,,
791,batch_19_state_and_fixtures_binary_probe_design_0028_terminal_error_url_and_stdin_conflict,terminal_and_interactive__error,,
792,batch_19_state_and_fixtures_binary_probe_design_0029_module_normal_go_mod_replace_directive,module_or_dependency_state__normal,,
793,batch_19_state_and_fixtures_binary_probe_design_0030_module_normal_direct_dependency_version,module_or_dependency_state__normal,,
794,batch_19_state_and_fixtures_binary_probe_design_0031_module_normal_indirect_dependency_marker,module_or_dependency_state__normal,,
795,batch_19_state_and_fixtures_binary_probe_design_0032_module_boundary_pseudo_version_dependency,module_or_dependency_state__boundary,,
796,batch_19_state_and_fixtures_binary_probe_design_0033_module_boundary_v0_unstable_version,module_or_dependency_state__boundary,,
797,batch_19_state_and_fixtures_binary_probe_design_0034_module_boundary_go_directive_minimum,module_or_dependency_state__boundary,,
798,batch_19_state_and_fixtures_binary_probe_design_0035_module_boundary_replace_local_relative_path,module_or_dependency_state__boundary,,
799,batch_19_state_and_fixtures_binary_probe_design_0036_module_boundary_multiple_replace_directives,module_or_dependency_state__boundary,,
800,batch_19_state_and_fixtures_binary_probe_design_0037_module_error_missing_go_mod_file,module_or_dependency_state__error,,
801,batch_19_state_and_fixtures_binary_probe_design_0038_module_error_malformed_go_mod_syntax,module_or_dependency_state__error,,
802,batch_19_state_and_fixtures_binary_probe_design_0039_module_error_invalid_semver_dependency,module_or_dependency_state__error,,
803,batch_19_state_and_fixtures_binary_probe_design_0040_module_error_replace_target_missing,module_or_dependency_state__error,,
804,batch_19_state_and_fixtures_binary_probe_design_0041_module_error_duplicate_require_entries,module_or_dependency_state__error,,
805,batch_19_state_and_fixtures_binary_probe_design_0042_module_error_empty_module_declaration,module_or_dependency_state__error,,
806,batch_19_state_and_fixtures_binary_probe_design_0045_terminal_boundary_clear_scrollback_iteration_120,terminal_and_interactive__boundary,,
807,batch_20_state_and_fixtures_combinatorial_expansion_0000_terminal_normal_no_graphics_env,terminal_and_interactive__normal,,
808,batch_20_state_and_fixtures_combinatorial_expansion_0001_terminal_normal_iterm_env_stdin_json,terminal_and_interactive__normal,,
809,batch_20_state_and_fixtures_combinatorial_expansion_0002_terminal_normal_screen_blocked,terminal_and_interactive__normal,,
810,batch_20_state_and_fixtures_combinatorial_expansion_0003_terminal_normal_single_field_spec,terminal_and_interactive__normal,,
811,batch_20_state_and_fixtures_combinatorial_expansion_0004_terminal_normal_multi_graph_args,terminal_and_interactive__normal,,
812,batch_20_state_and_fixtures_combinatorial_expansion_0005_terminal_normal_marker_counter_memstats,terminal_and_interactive__normal,,
813,batch_20_state_and_fixtures_combinatorial_expansion_0006_terminal_normal_rows_flag,terminal_and_interactive__normal,,
814,batch_20_state_and_fixtures_combinatorial_expansion_0007_terminal_normal_steps_flag,terminal_and_interactive__normal,,
815,batch_20_state_and_fixtures_combinatorial_expansion_0008_terminal_normal_interval_flag_with_stdin,terminal_and_interactive__normal,,
816,batch_20_state_and_fixtures_combinatorial_expansion_0009_terminal_boundary_zero_rows_explicit,terminal_and_interactive__boundary,,
817,batch_20_state_and_fixtures_combinatorial_expansion_0010_terminal_boundary_negative_rows,terminal_and_interactive__boundary,,
818,batch_20_state_and_fixtures_combinatorial_expansion_0011_terminal_boundary_steps_one,terminal_and_interactive__boundary,,
819,batch_20_state_and_fixtures_combinatorial_expansion_0012_terminal_boundary_steps_zero,terminal_and_interactive__boundary,,
820,batch_20_state_and_fixtures_combinatorial_expansion_0013_terminal_boundary_empty_stdin,terminal_and_interactive__boundary,,
821,batch_20_state_and_fixtures_combinatorial_expansion_0014_terminal_boundary_single_char_spec_path,terminal_and_interactive__boundary,,
822,batch_20_state_and_fixtures_combinatorial_expansion_0015_terminal_boundary_many_plus_fields,terminal_and_interactive__boundary,,
823,batch_20_state_and_fixtures_combinatorial_expansion_0016_terminal_boundary_multi_option_comma,terminal_and_interactive__boundary,,
824,batch_20_state_and_fixtures_combinatorial_expansion_0017_terminal_boundary_backward_compat_marker_counter_colon,terminal_and_interactive__boundary,,
825,batch_20_state_and_fixtures_combinatorial_expansion_0018_terminal_error_no_graphics_support_fatal,terminal_and_interactive__error,,
826,batch_20_state_and_fixtures_combinatorial_expansion_0019_terminal_error_no_args_usage_exit1,terminal_and_interactive__error,,
827,batch_20_state_and_fixtures_combinatorial_expansion_0020_terminal_error_invalid_field_option,terminal_and_interactive__error,,
828,batch_20_state_and_fixtures_combinatorial_expansion_0021_terminal_error_no_url_no_stdin_terminal,terminal_and_interactive__error,,
829,batch_20_state_and_fixtures_combinatorial_expansion_0022_terminal_error_screen_term_with_graphics,terminal_and_interactive__error,,
830,batch_20_state_and_fixtures_combinatorial_expansion_0023_terminal_error_malformed_json_stdin,terminal_and_interactive__error,,
831,batch_20_state_and_fixtures_combinatorial_expansion_0024_terminal_error_multiple_invalid_options,terminal_and_interactive__error,,
832,batch_20_state_and_fixtures_combinatorial_expansion_0025_terminal_error_empty_field_spec_arg,terminal_and_interactive__error,,
833,batch_20_state_and_fixtures_combinatorial_expansion_0026_module_normal_basic_go_mod_style_metadata,module_or_dependency_state__normal,,
834,batch_20_state_and_fixtures_combinatorial_expansion_0027_module_normal_dependency_with_replace_directive,module_or_dependency_state__normal,,
835,batch_20_state_and_fixtures_combinatorial_expansion_0028_module_normal_indirect_dependency_declared,module_or_dependency_state__normal,,
836,batch_20_state_and_fixtures_combinatorial_expansion_0029_module_boundary_pseudo_version_dependency,module_or_dependency_state__boundary,,
837,batch_20_state_and_fixtures_combinatorial_expansion_0030_module_boundary_minimum_go_version,module_or_dependency_state__boundary,,
838,batch_20_state_and_fixtures_combinatorial_expansion_0031_module_boundary_empty_require_block,module_or_dependency_state__boundary,,
839,batch_20_state_and_fixtures_combinatorial_expansion_0032_module_boundary_replace_to_local_path,module_or_dependency_state__boundary,,
840,batch_20_state_and_fixtures_combinatorial_expansion_0033_module_boundary_exact_version_match,module_or_dependency_state__boundary,,
841,batch_20_state_and_fixtures_combinatorial_expansion_0034_module_error_malformed_go_mod_syntax,module_or_dependency_state__error,,
842,batch_20_state_and_fixtures_combinatorial_expansion_0035_module_error_missing_module_directive,module_or_dependency_state__error,,
843,batch_20_state_and_fixtures_combinatorial_expansion_0036_module_error_conflicting_version_requires,module_or_dependency_state__error,,
844,batch_20_state_and_fixtures_combinatorial_expansion_0037_module_error_replace_missing_target_dependency,module_or_dependency_state__error,,
845,batch_20_state_and_fixtures_combinatorial_expansion_0038_module_error_invalid_semver_format,module_or_dependency_state__error,,
846,batch_20_state_and_fixtures_combinatorial_expansion_0039_terminal_normal_kitty_env_detection,terminal_and_interactive__normal,,
847,batch_20_state_and_fixtures_combinatorial_expansion_0040_terminal_boundary_url_flag_with_stdin_present,terminal_and_interactive__boundary,,
848,batch_20_state_and_fixtures_combinatorial_expansion_0041_terminal_error_dependency_state_combined_bad_spec_and_deps,terminal_and_interactive__error,,
849,batch_21_state_and_fixtures_source_paths_0000_no_args_no_url_no_stdin_terminal,git_and_repository_state__normal,,
850,batch_21_state_and_fixtures_source_paths_0001_single_field_spec_stdin_json,git_and_repository_state__normal,,
851,batch_21_state_and_fixtures_source_paths_0002_multi_field_plus_spec_stdin,git_and_repository_state__normal,,
852,batch_21_state_and_fixtures_source_paths_0003_counter_prefix_option_stdin,git_and_repository_state__normal,,
853,batch_21_state_and_fixtures_source_paths_0004_marker_and_counter_combo_stdin,git_and_repository_state__normal,,
854,batch_21_state_and_fixtures_source_paths_0005_multiple_graph_args_stdin,git_and_repository_state__normal,,
855,batch_21_state_and_fixtures_source_paths_0006_rows_flag_limits_render_normal,git_and_repository_state__normal,,
856,batch_21_state_and_fixtures_source_paths_0007_interval_flag_with_url_normal,git_and_repository_state__normal,,
857,batch_21_state_and_fixtures_source_paths_0008_steps_flag_default_size_normal,git_and_repository_state__normal,,
858,batch_21_state_and_fixtures_source_paths_0009_boundary_steps_one,git_and_repository_state__boundary,,
859,batch_21_state_and_fixtures_source_paths_0010_boundary_rows_zero_explicit,git_and_repository_state__boundary,,
860,batch_21_state_and_fixtures_source_paths_0011_boundary_interval_zero_duration,git_and_repository_state__boundary,,
861,batch_21_state_and_fixtures_source_paths_0012_boundary_counter_first_value_no_diff,git_and_repository_state__boundary,,
862,batch_21_state_and_fixtures_source_paths_0013_boundary_counter_decreasing_value,git_and_repository_state__boundary,,
863,batch_21_state_and_fixtures_source_paths_0014_boundary_empty_field_spec_string,git_and_repository_state__boundary,,
864,batch_21_state_and_fixtures_source_paths_0015_boundary_plus_only_spec,git_and_repository_state__boundary,,
865,batch_21_state_and_fixtures_source_paths_0016_boundary_max_steps_large,git_and_repository_state__boundary,,
866,batch_21_state_and_fixtures_source_paths_0017_boundary_rows_negative,git_and_repository_state__boundary,,
867,batch_21_state_and_fixtures_source_paths_0018_boundary_marker_zero_value,git_and_repository_state__boundary,,
868,batch_21_state_and_fixtures_source_paths_0019_boundary_marker_positive_value,git_and_repository_state__boundary,,
869,batch_21_state_and_fixtures_source_paths_0020_error_missing_args_usage_exit,git_and_repository_state__error,,
870,batch_21_state_and_fixtures_source_paths_0021_error_invalid_field_type_string,git_and_repository_state__error,,
871,batch_21_state_and_fixtures_source_paths_0022_error_missing_field_in_json,git_and_repository_state__error,,
872,batch_21_state_and_fixtures_source_paths_0023_error_malformed_json_stdin,git_and_repository_state__error,,
873,batch_21_state_and_fixtures_source_paths_0024_error_empty_stdin_immediate_eof,git_and_repository_state__error,,
874,batch_21_state_and_fixtures_source_paths_0025_error_bad_spec_syntax_double_colon,git_and_repository_state__error,,
875,batch_21_state_and_fixtures_source_paths_0026_error_unknown_option_prefix,git_and_repository_state__error,,
876,batch_21_state_and_fixtures_source_paths_0027_error_url_and_no_network_unreachable,git_and_repository_state__error,,
877,batch_21_state_and_fixtures_source_paths_0028_error_negative_interval_duration,git_and_repository_state__error,,
878,batch_21_state_and_fixtures_source_paths_0029_error_negative_steps_value,git_and_repository_state__error,,
879,batch_21_state_and_fixtures_source_paths_0030_error_conflicting_url_and_stdin_data,git_and_repository_state__error,,
880,batch_21_state_and_fixtures_source_paths_0031_normal_dual_axis_growth_rate,git_and_repository_state__normal,,
881,batch_21_state_and_fixtures_source_paths_0032_normal_full_recipe_vegeta_style,git_and_repository_state__normal,,
882,batch_21_state_and_fixtures_source_paths_0033_boundary_zero_rows_with_url_flag,git_and_repository_state__boundary,,
883,batch_21_state_and_fixtures_source_paths_0034_boundary_single_char_field_path,git_and_repository_state__boundary,,
884,batch_21_state_and_fixtures_source_paths_0035_boundary_deeply_nested_path,git_and_repository_state__boundary,,
885,batch_21_state_and_fixtures_source_paths_0036_error_deeply_nested_path_missing_leaf,git_and_repository_state__error,,
886,batch_21_state_and_fixtures_source_paths_0037_normal_stdin_pipe_multiple_specs_history,git_and_repository_state__normal,,
887,batch_21_state_and_fixtures_source_paths_0038_boundary_counter_equal_values_no_diff,git_and_repository_state__boundary,,
888,batch_21_state_and_fixtures_source_paths_0039_error_stdin_json_array_not_object,git_and_repository_state__error,,
889,batch_21_state_and_fixtures_source_paths_0040_error_null_field_value,git_and_repository_state__error,,
890,batch_21_state_and_fixtures_source_paths_0041_normal_multiple_options_field_spec,git_and_repository_state__normal,,
891,batch_21_state_and_fixtures_source_paths_0042_boundary_url_empty_string_falls_to_stdin,git_and_repository_state__boundary,,
892,batch_22_state_and_fixtures_docs_native_harvest_0000_git_state_normal_clean_worktree_stdin_single_field,git_and_repository_state__normal,,
893,batch_22_state_and_fixtures_docs_native_harvest_0001_git_state_normal_clean_worktree_stdin_dual_counter,git_and_repository_state__normal,,
894,batch_22_state_and_fixtures_docs_native_harvest_0002_git_state_normal_multiple_graphs_committed_tree,git_and_repository_state__normal,,
895,batch_22_state_and_fixtures_docs_native_harvest_0003_git_state_normal_memstats_recipe_clean_branch,git_and_repository_state__normal,,
896,batch_22_state_and_fixtures_docs_native_harvest_0004_git_state_normal_vegeta_style_multi_field,git_and_repository_state__normal,,
897,batch_22_state_and_fixtures_docs_native_harvest_0005_git_state_normal_feature_branch_stdin_series,git_and_repository_state__normal,,
898,batch_22_state_and_fixtures_docs_native_harvest_0006_git_state_normal_detached_head_single_run,git_and_repository_state__normal,,
899,batch_22_state_and_fixtures_docs_native_harvest_0007_git_state_normal_steps_flag_history_window,git_and_repository_state__normal,,
900,batch_22_state_and_fixtures_docs_native_harvest_0008_git_state_boundary_empty_stdin_history,git_and_repository_state__boundary,,
901,batch_22_state_and_fixtures_docs_native_harvest_0009_git_state_boundary_single_json_line_zero_value,git_and_repository_state__boundary,,
902,batch_22_state_and_fixtures_docs_native_harvest_0010_git_state_boundary_steps_flag_value_one,git_and_repository_state__boundary,,
903,batch_22_state_and_fixtures_docs_native_harvest_0011_git_state_boundary_rows_flag_zero_default,git_and_repository_state__boundary,,
904,batch_22_state_and_fixtures_docs_native_harvest_0012_git_state_boundary_flat_line_min_equals_max,git_and_repository_state__boundary,,
905,batch_22_state_and_fixtures_docs_native_harvest_0013_git_state_boundary_marker_all_zero_values,git_and_repository_state__boundary,,
906,batch_22_state_and_fixtures_docs_native_harvest_0014_git_state_boundary_many_stacked_graphs,git_and_repository_state__boundary,,
907,batch_22_state_and_fixtures_docs_native_harvest_0015_git_state_boundary_interval_flag_minimal_duration,git_and_repository_state__boundary,,
908,batch_22_state_and_fixtures_docs_native_harvest_0016_git_state_error_missing_field_spec_args,git_and_repository_state__error,,
909,batch_22_state_and_fixtures_docs_native_harvest_0017_git_state_error_invalid_json_field_type,git_and_repository_state__error,,
910,batch_22_state_and_fixtures_docs_native_harvest_0018_git_state_error_missing_json_path,git_and_repository_state__error,,
911,batch_22_state_and_fixtures_docs_native_harvest_0019_git_state_error_malformed_json_stdin,git_and_repository_state__error,,
912,batch_22_state_and_fixtures_docs_native_harvest_0020_git_state_error_no_url_and_terminal_stdin,git_and_repository_state__error,,
913,batch_22_state_and_fixtures_docs_native_harvest_0021_git_state_error_negative_steps_flag,git_and_repository_state__error,,
914,batch_22_state_and_fixtures_docs_native_harvest_0022_git_state_error_bad_spec_syntax_double_colon,git_and_repository_state__error,,
915,batch_22_state_and_fixtures_docs_native_harvest_0023_git_state_error_empty_spec_string,git_and_repository_state__error,,
916,batch_22_state_and_fixtures_docs_native_harvest_0024_git_state_error_conflicting_url_and_stdin_flags,git_and_repository_state__error,,
917,batch_22_state_and_fixtures_docs_native_harvest_0025_git_state_error_rows_negative_value,git_and_repository_state__error,,
918,batch_22_state_and_fixtures_docs_native_harvest_0026_git_state_normal_two_stacked_graphs_dirty_analog,git_and_repository_state__normal,,
919,batch_22_state_and_fixtures_docs_native_harvest_0027_git_state_normal_counter_marker_combo_clean_tag,git_and_repository_state__normal,,
920,batch_22_state_and_fixtures_docs_native_harvest_0028_git_state_boundary_zero_value_first_sample_counter,git_and_repository_state__boundary,,
921,batch_22_state_and_fixtures_docs_native_harvest_0029_git_state_boundary_large_steps_value,git_and_repository_state__boundary,,
922,batch_22_state_and_fixtures_docs_native_harvest_0030_git_state_normal_worktree_operation_single_metric_repeat,git_and_repository_state__normal,,
923,batch_22_state_and_fixtures_docs_native_harvest_0031_git_state_normal_dual_growth_rate_repeat,git_and_repository_state__normal,,
924,batch_22_state_and_fixtures_docs_native_harvest_0032_git_state_error_url_scheme_missing,git_and_repository_state__error,,
925,batch_22_state_and_fixtures_docs_native_harvest_0033_git_state_error_stdin_read_error_after_partial,git_and_repository_state__error,,
926,batch_22_state_and_fixtures_docs_native_harvest_0034_git_state_boundary_three_plus_operator_fields,git_and_repository_state__boundary,,
927,batch_22_state_and_fixtures_docs_native_harvest_0035_git_state_normal_hyphenated_field_path,git_and_repository_state__normal,,
928,batch_22_state_and_fixtures_docs_native_harvest_0036_git_state_boundary_interval_default_one_second,git_and_repository_state__boundary,,
929,batch_22_state_and_fixtures_docs_native_harvest_0037_git_state_error_percent_zero_clear_scrollback_stress,git_and_repository_state__error,,
930,batch_22_state_and_fixtures_docs_native_harvest_0038_git_state_normal_percent_encoded_url_field,git_and_repository_state__normal,,
931,batch_22_state_and_fixtures_docs_native_harvest_0039_git_state_boundary_marker_single_nonzero_spike,git_and_repository_state__boundary,,
932,batch_22_state_and_fixtures_docs_native_harvest_0040_git_state_error_duplicate_flag_definition,git_and_repository_state__error,,
933,batch_22_state_and_fixtures_docs_native_harvest_0041_git_state_normal_vegeta_recipe_full_repeat,git_and_repository_state__normal,,
934,batch_22_state_and_fixtures_docs_native_harvest_0042_git_state_boundary_empty_json_object,git_and_repository_state__boundary,,
935,batch_23_state_and_fixtures_binary_probe_design_0000_no_args_shows_usage,git_and_repository_state__normal,,
936,batch_23_state_and_fixtures_binary_probe_design_0001_single_field_spec_stdin_source,git_and_repository_state__normal,,
937,batch_23_state_and_fixtures_binary_probe_design_0002_counter_prefixed_field_spec,git_and_repository_state__normal,,
938,batch_23_state_and_fixtures_binary_probe_design_0003_marker_and_counter_combo_spec,git_and_repository_state__normal,,
939,batch_23_state_and_fixtures_binary_probe_design_0004_multi_field_plus_separated_spec,git_and_repository_state__normal,,
940,batch_23_state_and_fixtures_binary_probe_design_0005_multiple_positional_graph_args,git_and_repository_state__normal,,
941,batch_23_state_and_fixtures_binary_probe_design_0006_url_flag_normal_usage,git_and_repository_state__normal,,
942,batch_23_state_and_fixtures_binary_probe_design_0007_steps_flag_default_boundary,git_and_repository_state__boundary,,
943,batch_23_state_and_fixtures_binary_probe_design_0008_steps_flag_zero_boundary,git_and_repository_state__boundary,,
944,batch_23_state_and_fixtures_binary_probe_design_0009_steps_flag_one_boundary,git_and_repository_state__boundary,,
945,batch_23_state_and_fixtures_binary_probe_design_0010_steps_flag_negative_boundary,git_and_repository_state__boundary,,
946,batch_23_state_and_fixtures_binary_probe_design_0011_rows_flag_zero_boundary,git_and_repository_state__boundary,,
947,batch_23_state_and_fixtures_binary_probe_design_0012_rows_flag_large_boundary,git_and_repository_state__boundary,,
948,batch_23_state_and_fixtures_binary_probe_design_0013_interval_flag_zero_duration_boundary,git_and_repository_state__boundary,,
949,batch_23_state_and_fixtures_binary_probe_design_0014_interval_flag_negative_boundary,git_and_repository_state__boundary,,
950,batch_23_state_and_fixtures_binary_probe_design_0015_empty_string_field_spec_boundary,git_and_repository_state__boundary,,
951,batch_23_state_and_fixtures_binary_probe_design_0016_field_spec_with_only_plus_boundary,git_and_repository_state__boundary,,
952,batch_23_state_and_fixtures_binary_probe_design_0017_field_spec_with_only_colon_boundary,git_and_repository_state__boundary,,
953,batch_23_state_and_fixtures_binary_probe_design_0018_deeply_nested_json_path_boundary,git_and_repository_state__boundary,,
954,batch_23_state_and_fixtures_binary_probe_design_0019_malformed_spec_missing_path_error,git_and_repository_state__error,,
955,batch_23_state_and_fixtures_binary_probe_design_0020_malformed_spec_unknown_option_error,git_and_repository_state__error,,
956,batch_23_state_and_fixtures_binary_probe_design_0021_invalid_json_type_for_field_error,git_and_repository_state__error,,
957,batch_23_state_and_fixtures_binary_probe_design_0022_missing_field_path_error,git_and_repository_state__error,,
958,batch_23_state_and_fixtures_binary_probe_design_0023_malformed_json_stdin_error,git_and_repository_state__error,,
959,batch_23_state_and_fixtures_binary_probe_design_0024_empty_stdin_immediate_eof_error,git_and_repository_state__error,,
960,batch_23_state_and_fixtures_binary_probe_design_0025_unknown_flag_error,git_and_repository_state__error,,
961,batch_23_state_and_fixtures_binary_probe_design_0026_malformed_duration_flag_error,git_and_repository_state__error,,
962,batch_23_state_and_fixtures_binary_probe_design_0027_malformed_int_flag_error,git_and_repository_state__error,,
963,batch_23_state_and_fixtures_binary_probe_design_0028_no_url_no_stdin_terminal_error,git_and_repository_state__error,,
964,batch_23_state_and_fixtures_binary_probe_design_0029_url_and_stdin_both_absent_but_terminal_env_error,git_and_repository_state__error,,
965,batch_23_state_and_fixtures_binary_probe_design_0030_term_program_iterm_env_normal,git_and_repository_state__normal,,
966,batch_23_state_and_fixtures_binary_probe_design_0031_term_screen_env_error,git_and_repository_state__error,,
967,batch_23_state_and_fixtures_binary_probe_design_0032_term_tmux_screen_variant_env_error,git_and_repository_state__error,,
968,batch_23_state_and_fixtures_binary_probe_design_0033_multiple_counter_fields_ordering,git_and_repository_state__normal,,
969,batch_23_state_and_fixtures_binary_probe_design_0034_help_flag_usage_normal,git_and_repository_state__normal,,
970,batch_23_state_and_fixtures_binary_probe_design_0035_dash_h_flag_alias_normal,git_and_repository_state__normal,,
971,batch_23_state_and_fixtures_binary_probe_design_0036_vegeta_recipe_multi_arg_normal,git_and_repository_state__normal,,
972,batch_23_state_and_fixtures_binary_probe_design_0037_field_path_with_hyphen_normal,git_and_repository_state__normal,,
973,batch_23_state_and_fixtures_binary_probe_design_0038_duplicate_field_spec_args_ordering,git_and_repository_state__normal,,
974,batch_23_state_and_fixtures_binary_probe_design_0039_zero_value_json_field_boundary,git_and_repository_state__boundary,,
975,batch_23_state_and_fixtures_binary_probe_design_0040_negative_value_json_field_boundary,git_and_repository_state__boundary,,
976,batch_23_state_and_fixtures_binary_probe_design_0041_float_precision_json_field_boundary,git_and_repository_state__boundary,,
977,batch_23_state_and_fixtures_binary_probe_design_0042_very_large_number_json_field_boundary,git_and_repository_state__boundary,,
978,batch_23_state_and_fixtures_binary_probe_design_0043_multiline_stdin_multiple_json_objects_normal,git_and_repository_state__normal,,
979,batch_23_state_and_fixtures_binary_probe_design_0044_trailing_blank_line_stdin_boundary,git_and_repository_state__boundary,,
980,batch_24_state_and_fixtures_combinatorial_expansion_0000_git_state_normal_clean_branch_stdin_run,git_and_repository_state__normal,,
981,batch_24_state_and_fixtures_combinatorial_expansion_0001_git_state_normal_clean_branch_counter_spec,git_and_repository_state__normal,,
982,batch_24_state_and_fixtures_combinatorial_expansion_0002_git_state_normal_marker_spec,git_and_repository_state__normal,,
983,batch_24_state_and_fixtures_combinatorial_expansion_0003_git_state_normal_multiple_graphs,git_and_repository_state__normal,,
984,batch_24_state_and_fixtures_combinatorial_expansion_0004_git_state_normal_url_flag_http_source,git_and_repository_state__normal,,
985,batch_24_state_and_fixtures_combinatorial_expansion_0005_git_state_normal_interval_flag,git_and_repository_state__normal,,
986,batch_24_state_and_fixtures_combinatorial_expansion_0006_git_state_normal_steps_flag,git_and_repository_state__normal,,
987,batch_24_state_and_fixtures_combinatorial_expansion_0007_git_state_normal_rows_flag,git_and_repository_state__normal,,
988,batch_24_state_and_fixtures_combinatorial_expansion_0008_git_state_normal_nested_json_path,git_and_repository_state__normal,,
989,batch_24_state_and_fixtures_combinatorial_expansion_0009_git_state_normal_deep_nested_path,git_and_repository_state__normal,,
990,batch_24_state_and_fixtures_combinatorial_expansion_0010_git_state_normal_vegeta_style_spec,git_and_repository_state__normal,,
991,batch_24_state_and_fixtures_combinatorial_expansion_0011_git_state_boundary_zero_steps,git_and_repository_state__boundary,,
992,batch_24_state_and_fixtures_combinatorial_expansion_0012_git_state_boundary_steps_one,git_and_repository_state__boundary,,
993,batch_24_state_and_fixtures_combinatorial_expansion_0013_git_state_boundary_rows_zero,git_and_repository_state__boundary,,
994,batch_24_state_and_fixtures_combinatorial_expansion_0014_git_state_boundary_interval_zero,git_and_repository_state__boundary,,
995,batch_24_state_and_fixtures_combinatorial_expansion_0015_git_state_boundary_single_empty_stdin_line,git_and_repository_state__boundary,,
996,batch_24_state_and_fixtures_combinatorial_expansion_0016_git_state_boundary_last_last_value_negative_counter,git_and_repository_state__boundary,,
997,batch_24_state_and_fixtures_combinatorial_expansion_0017_git_state_boundary_value_exact_zero,git_and_repository_state__boundary,,
998,batch_24_state_and_fixtures_combinatorial_expansion_0018_git_state_boundary_many_plus_fields,git_and_repository_state__boundary,,
999,batch_24_state_and_fixtures_combinatorial_expansion_0019_git_state_boundary_max_int_steps,git_and_repository_state__boundary,,
1000,batch_24_state_and_fixtures_combinatorial_expansion_0020_git_state_boundary_option_comma_separated,git_and_repository_state__boundary,,
1001,batch_24_state_and_fixtures_combinatorial_expansion_0021_git_state_boundary_field_name_single_char,git_and_repository_state__boundary,,
1002,batch_24_state_and_fixtures_combinatorial_expansion_0022_git_state_boundary_stdin_no_trailing_newline,git_and_repository_state__boundary,,
1003,batch_24_state_and_fixtures_combinatorial_expansion_0023_git_state_error_no_args_no_spec,git_and_repository_state__error,,
1004,batch_24_state_and_fixtures_combinatorial_expansion_0024_git_state_error_no_url_no_stdin_data,git_and_repository_state__error,,
1005,batch_24_state_and_fixtures_combinatorial_expansion_0025_git_state_error_malformed_json_line,git_and_repository_state__error,,
1006,batch_24_state_and_fixtures_combinatorial_expansion_0026_git_state_error_missing_field_path,git_and_repository_state__error,,
1007,batch_24_state_and_fixtures_combinatorial_expansion_0027_git_state_error_non_numeric_value_type,git_and_repository_state__error,,
1008,batch_24_state_and_fixtures_combinatorial_expansion_0028_git_state_error_non_numeric_bool_value,git_and_repository_state__error,,
1009,batch_24_state_and_fixtures_combinatorial_expansion_0029_git_state_error_non_numeric_object_value,git_and_repository_state__error,,
1010,batch_24_state_and_fixtures_combinatorial_expansion_0030_git_state_error_empty_spec_argument,git_and_repository_state__error,,
1011,batch_24_state_and_fixtures_combinatorial_expansion_0031_git_state_error_bad_option_prefix,git_and_repository_state__error,,
1012,batch_24_state_and_fixtures_combinatorial_expansion_0032_git_state_error_malformed_url_flag,git_and_repository_state__error,,
1013,batch_24_state_and_fixtures_combinatorial_expansion_0033_git_state_error_bad_duration_flag,git_and_repository_state__error,,
1014,batch_24_state_and_fixtures_combinatorial_expansion_0034_git_state_error_bad_steps_flag,git_and_repository_state__error,,
1015,batch_24_state_and_fixtures_combinatorial_expansion_0035_git_state_error_unknown_flag,git_and_repository_state__error,,
1016,batch_24_state_and_fixtures_combinatorial_expansion_0036_git_state_error_multiple_plus_missing_field,git_and_repository_state__error,,
1017,batch_24_state_and_fixtures_combinatorial_expansion_0037_git_state_error_counter_negative_first_value,git_and_repository_state__error,,
1018,batch_24_state_and_fixtures_combinatorial_expansion_0038_git_state_error_eof_immediately,git_and_repository_state__error,,
1019,batch_24_state_and_fixtures_combinatorial_expansion_0039_git_state_error_json_array_not_object,git_and_repository_state__error,,
1020,batch_24_state_and_fixtures_combinatorial_expansion_0040_git_state_error_deeply_nested_missing_path,git_and_repository_state__error,,
1021,batch_24_state_and_fixtures_combinatorial_expansion_0041_git_state_error_negative_steps_flag,git_and_repository_state__error,,
1022,batch_24_state_and_fixtures_combinatorial_expansion_0042_git_state_error_negative_rows_flag,git_and_repository_state__error,,
